0 1.1547
0.0108827 1.22422
0.021765 1.25296
0.0326465 1.27495
0.0435266 1.29342
0.054405 1.30963
0.0652813 1.32421
0.076155 1.33756
0.0870257 1.34991
0.097893 1.36144
0.108756 1.37228
0.119615 1.38251
0.13047 1.39222
0.141319 1.40147
0.152163 1.41029
0.163 1.41873
0.173832 1.42682
0.184656 1.4346
0.195473 1.44207
0.206282 1.44927
0.217084 1.45621
0.227876 1.46291
0.23866 1.46937
0.249434 1.47562
0.260198 1.48166
0.270952 1.4875
0.281696 1.49316
0.292428 1.49864
0.303149 1.50394
0.313858 1.50907
0.324554 1.51405
0.335238 1.51886
0.345908 1.52353
0.356564 1.52805
0.367207 1.53244
0.377835 1.53668
0.388448 1.54079
0.399046 1.54477
0.409628 1.54863
0.420194 1.55235
0.430744 1.55596
0.441276 1.55945
0.451791 1.56283
0.462288 1.56609
0.472767 1.56924
0.483227 1.57228
0.493668 1.57522
0.504089 1.57804
0.514491 1.58077
0.524872 1.58339
0.535233 1.58592
0.545573 1.58834
0.555891 1.59067
0.566187 1.5929
0.57646 1.59504
0.586711 1.59708
0.596939 1.59904
0.607143 1.6009
0.617323 1.60267
0.627479 1.60435
0.63761 1.60595
0.647716 1.60746
0.657797 1.60888
0.667851 1.61023
0.677879 1.61148
0.68788 1.61266
0.697854 1.61375
0.707801 1.61476
0.71772 1.61569
0.72761 1.61654
0.737471 1.61731
0.747304 1.61801
0.757107 1.61862
0.76688 1.61916
0.776623 1.61963
0.786335 1.62002
0.796016 1.62033
0.805665 1.62057
0.815283 1.62074
0.824869 1.62083
0.834422 1.62085
0.843942 1.6208
0.853429 1.62068
0.862882 1.62048
0.872301 1.62022
0.881686 1.61989
0.891035 1.61948
0.90035 1.61901
0.909629 1.61847
0.918872 1.61787
0.928079 1.61719
0.93725 1.61645
0.946383 1.61564
0.955479 1.61477
0.964537 1.61383
0.973557 1.61282
0.982539 1.61175
0.991482 1.61062
1.00039 1.60942
1.00925 1.60816
1.01807 1.60684
1.02686 1.60545
1.0356 1.604
1.0443 1.60249
1.05297 1.60092
1.06159 1.59928
1.07016 1.59759
1.0787 1.59583
1.08719 1.59401
1.09564 1.59214
1.10405 1.5902
1.11241 1.58821
1.12073 1.58616
1.12901 1.58405
1.13724 1.58188
1.14543 1.57965
1.15357 1.57737
1.16166 1.57503
1.16971 1.57263
1.17771 1.57017
1.18567 1.56766
1.19358 1.5651
1.20144 1.56248
1.20926 1.5598
1.21703 1.55707
1.22474 1.55428
1.23242 1.55145
1.24004 1.54855
1.24761 1.54561
1.25514 1.54261
1.26261 1.53955
1.27004 1.53645
1.27741 1.53329
1.28473 1.53008
1.29201 1.52682
1.29923 1.52351
1.3064 1.52015
1.31352 1.51673
1.32059 1.51327
1.3276 1.50975
1.33457 1.50619
1.34148 1.50258
1.34834 1.49891
1.35514 1.4952
1.36189 1.49144
1.36859 1.48764
1.37523 1.48378
1.38182 1.47988
1.38835 1.47592
1.39483 1.47193
1.40126 1.46788
1.40763 1.46379
1.41394 1.45965
1.4202 1.45547
1.4264 1.45124
1.43255 1.44696
1.43863 1.44265
1.44467 1.43828
1.45064 1.43387
1.45656 1.42942
1.46242 1.42492
1.46822 1.42038
1.47397 1.4158
1.47965 1.41117
1.48528 1.4065
1.49085 1.40179
1.49636 1.39704
1.50181 1.39224
1.5072 1.38741
1.51253 1.38253
1.51781 1.37761
1.52302 1.37265
1.52817 1.36765
1.53327 1.36261
1.5383 1.35753
1.54327 1.35241
1.54818 1.34725
1.55303 1.34206
1.55782 1.33682
1.56254 1.33155
1.56721 1.32624
1.57181 1.32089
1.57635 1.3155
1.58083 1.31007
1.58524 1.30461
1.5896 1.29912
1.59389 1.29358
1.59812 1.28801
1.60228 1.28241
1.60638 1.27677
1.61042 1.27109
1.61439 1.26538
1.61831 1.25963
1.62215 1.25385
1.62593 1.24804
1.62965 1.24219
1.63331 1.23631
1.6369 1.2304
1.64042 1.22445
1.64388 1.21848
1.64728 1.21246
1.65061 1.20642
1.65387 1.20035
1.65707 1.19424
1.66021 1.18811
1.66328 1.18194
1.66628 1.17574
1.66922 1.16951
1.67209 1.16326
1.6749 1.15697
1.67764 1.15065
1.68031 1.14431
1.68292 1.13793
1.68546 1.13153
1.68793 1.1251
1.69034 1.11864
1.69268 1.11216
1.69495 1.10565
1.69716 1.09911
1.6993 1.09254
1.70137 1.08595
1.70338 1.07933
1.70532 1.07268
1.70719 1.06601
1.70899 1.05932
1.71073 1.0526
1.7124 1.04586
1.714 1.03909
1.71553 1.03229
1.717 1.02548
1.71839 1.01864
1.71972 1.01178
1.72099 1.00489
1.72218 0.997983
1.72331 0.991053
1.72436 0.984101
1.72535 0.977127
1.72628 0.970132
1.72713 0.963115
1.72792 0.956078
1.72863 0.949021
1.72928 0.941943
1.72986 0.934846
1.73038 0.927728
1.73082 0.920592
1.7312 0.913436
1.7315 0.906262
1.73174 0.899069
1.73191 0.891858
1.73202 0.884629
1.73205 0.877383
1.73202 0.870119
1.73191 0.862838
1.73174 0.85554
1.7315 0.848226
1.7312 0.840896
1.73082 0.83355
1.73038 0.826188
1.72986 0.818811
1.72928 0.811419
1.72863 0.804012
1.72792 0.796591
1.72713 0.789156
1.72628 0.781706
1.72535 0.774243
1.72436 0.766767
1.72331 0.759277
1.72218 0.751775
1.72099 0.74426
1.71972 0.736733
1.71839 0.729194
1.717 0.721644
1.71553 0.714082
1.714 0.706509
1.7124 0.698925
1.71073 0.69133
1.70899 0.683725
1.70719 0.67611
1.70532 0.668486
1.70338 0.660852
1.70137 0.653208
1.6993 0.645556
1.69716 0.637895
1.69495 0.630226
1.69268 0.622548
1.69034 0.614863
1.68793 0.60717
1.68546 0.59947
1.68292 0.591763
1.68031 0.584049
1.67764 0.576328
1.6749 0.568601
1.67209 0.560868
1.66922 0.55313
1.66628 0.545386
1.66328 0.537636
1.66021 0.529882
1.65707 0.522123
1.65387 0.514359
1.65061 0.506592
1.64728 0.49882
1.64388 0.491045
1.64042 0.483266
1.6369 0.475484
1.63331 0.467699
1.62965 0.459912
1.62593 0.452122
1.62215 0.444329
1.61831 0.436535
1.61439 0.428739
1.61042 0.420942
1.60638 0.413143
1.60228 0.405344
1.59812 0.397543
1.59389 0.389743
1.5896 0.381941
1.58524 0.37414
1.58083 0.366339
1.57635 0.358539
1.57181 0.350739
1.56721 0.34294
1.56254 0.335142
1.55782 0.327345
1.55303 0.31955
1.54818 0.311757
1.54327 0.303966
1.5383 0.296177
1.53327 0.28839
1.52817 0.280607
1.52302 0.272826
1.51781 0.265048
1.51253 0.257273
1.5072 0.249502
1.50181 0.241735
1.49636 0.233971
1.49085 0.226212
1.48528 0.218457
1.47965 0.210706
1.47397 0.20296
1.46822 0.19522
1.46242 0.187484
1.45656 0.179754
1.45064 0.172029
1.44467 0.164309
1.43863 0.156596
1.43255 0.148889
1.4264 0.141188
1.4202 0.133493
1.41394 0.125805
1.40763 0.118124
1.40126 0.110449
1.39483 0.102782
1.38835 0.0951219
1.38182 0.0874693
1.37523 0.0798244
1.36859 0.0721872
1.36189 0.0645579
1.35514 0.0569367
1.34834 0.0493237
1.34148 0.041719
1.33457 0.0341229
1.3276 0.0265354
1.32059 0.0189567
1.31352 0.011387
1.3064 0.00382628
1.29923 -0.00372522
1.29201 -0.0112674
1.28473 -0.0188002
1.27741 -0.0263233
1.27004 -0.0338368
1.26261 -0.0413406
1.25514 -0.0488344
1.24761 -0.0563182
1.24004 -0.0637919
1.23242 -0.0712554
1.22474 -0.0787086
1.21703 -0.0861515
1.20926 -0.0935838
1.20144 -0.101006
1.19358 -0.108417
1.18567 -0.115817
1.17771 -0.123207
1.16971 -0.130586
1.16166 -0.137954
1.15357 -0.145311
1.14543 -0.152657
1.13724 -0.159991
1.12901 -0.167315
1.12073 -0.174628
1.11241 -0.18193
1.10405 -0.18922
1.09564 -0.196499
1.08719 -0.203767
1.0787 -0.211024
1.07016 -0.218269
1.06159 -0.225504
1.05297 -0.232727
1.0443 -0.239939
1.0356 -0.24714
1.02686 -0.254329
1.01807 -0.261508
1.00925 -0.268676
1.00039 -0.275832
0.991482 -0.282978
0.982539 -0.290113
0.973557 -0.297237
0.964537 -0.304351
0.955479 -0.311454
0.946383 -0.318546
0.93725 -0.325628
0.928079 -0.3327
0.918872 -0.339762
0.909629 -0.346814
0.90035 -0.353856
0.891035 -0.360889
0.881686 -0.367912
0.872301 -0.374926
0.862882 -0.381931
0.853429 -0.388927
0.843942 -0.395915
0.834422 -0.402894
0.824869 -0.409865
0.815283 -0.416829
0.805665 -0.423785
0.796016 -0.430734
0.786335 -0.437676
0.776623 -0.444611
0.76688 -0.451541
0.757107 -0.458465
0.747304 -0.465383
0.737471 -0.472297
0.72761 -0.479206
0.71772 -0.486111
0.707801 -0.493013
0.697854 -0.499912
0.68788 -0.506808
0.677879 -0.513703
0.667851 -0.520596
0.657797 -0.527489
0.647716 -0.534383
0.63761 -0.541277
0.627479 -0.548172
0.617323 -0.555071
0.607143 -0.561972
0.596939 -0.568878
0.586711 -0.575788
0.57646 -0.582705
0.566187 -0.589629
0.555891 -0.596561
0.545573 -0.603503
0.535233 -0.610455
0.524872 -0.617419
0.514491 -0.624396
0.504089 -0.631388
0.493668 -0.638396
0.483227 -0.645422
0.472767 -0.652467
0.462288 -0.659534
0.451791 -0.666624
0.441276 -0.67374
0.430744 -0.680883
0.420194 -0.688056
0.409628 -0.695262
0.399046 -0.702503
0.388448 -0.709783
0.377835 -0.717103
0.367207 -0.724468
0.356564 -0.731881
0.345908 -0.739346
0.335238 -0.746868
0.324554 -0.75445
0.313858 -0.762098
0.303149 -0.769817
0.292428 -0.777614
0.281696 -0.785493
0.270952 -0.793464
0.260198 -0.801532
0.249434 -0.809708
0.23866 -0.818001
0.227876 -0.826421
0.217084 -0.834981
0.206282 -0.843693
0.195473 -0.852575
0.184656 -0.861642
0.173832 -0.870916
0.163 -0.880421
0.152163 -0.890182
0.141319 -0.900234
0.13047 -0.910616
0.119615 -0.921374
0.108756 -0.932567
0.097893 -0.944269
0.0870257 -0.956575
0.076155 -0.969609
0.0652813 -0.983545
0.054405 -0.998632
0.0435266 -1.01525
0.0326465 -1.03404
0.021765 -1.05626
0.0108827 -1.08513
2.12115e-16 -1.1547
-0.0108827 -1.08513
-0.021765 -1.05626
-0.0326465 -1.03404
-0.0435266 -1.01525
-0.054405 -0.998632
-0.0652813 -0.983545
-0.076155 -0.969609
-0.0870257 -0.956575
-0.097893 -0.944269
-0.108756 -0.932567
-0.119615 -0.921374
-0.13047 -0.910616
-0.141319 -0.900234
-0.152163 -0.890182
-0.163 -0.880421
-0.173832 -0.870916
-0.184656 -0.861642
-0.195473 -0.852575
-0.206282 -0.843693
-0.217084 -0.834981
-0.227876 -0.826421
-0.23866 -0.818001
-0.249434 -0.809708
-0.260198 -0.801532
-0.270952 -0.793464
-0.281696 -0.785493
-0.292428 -0.777614
-0.303149 -0.769817
-0.313858 -0.762098
-0.324554 -0.75445
-0.335238 -0.746868
-0.345908 -0.739346
-0.356564 -0.731881
-0.367207 -0.724468
-0.377835 -0.717103
-0.388448 -0.709783
-0.399046 -0.702503
-0.409628 -0.695262
-0.420194 -0.688056
-0.430744 -0.680883
-0.441276 -0.67374
-0.451791 -0.666624
-0.462288 -0.659534
-0.472767 -0.652467
-0.483227 -0.645422
-0.493668 -0.638396
-0.504089 -0.631388
-0.514491 -0.624396
-0.524872 -0.617419
-0.535233 -0.610455
-0.545573 -0.603503
-0.555891 -0.596561
-0.566187 -0.589629
-0.57646 -0.582705
-0.586711 -0.575788
-0.596939 -0.568878
-0.607143 -0.561972
-0.617323 -0.555071
-0.627479 -0.548172
-0.63761 -0.541277
-0.647716 -0.534383
-0.657797 -0.527489
-0.667851 -0.520596
-0.677879 -0.513703
-0.68788 -0.506808
-0.697854 -0.499912
-0.707801 -0.493013
-0.71772 -0.486111
-0.72761 -0.479206
-0.737471 -0.472297
-0.747304 -0.465383
-0.757107 -0.458465
-0.76688 -0.451541
-0.776623 -0.444611
-0.786335 -0.437676
-0.796016 -0.430734
-0.805665 -0.423785
-0.815283 -0.416829
-0.824869 -0.409865
-0.834422 -0.402894
-0.843942 -0.395915
-0.853429 -0.388927
-0.862882 -0.381931
-0.872301 -0.374926
-0.881686 -0.367912
-0.891035 -0.360889
-0.90035 -0.353856
-0.909629 -0.346814
-0.918872 -0.339762
-0.928079 -0.3327
-0.93725 -0.325628
-0.946383 -0.318546
-0.955479 -0.311454
-0.964537 -0.304351
-0.973557 -0.297237
-0.982539 -0.290113
-0.991482 -0.282978
-1.00039 -0.275832
-1.00925 -0.268676
-1.01807 -0.261508
-1.02686 -0.254329
-1.0356 -0.24714
-1.0443 -0.239939
-1.05297 -0.232727
-1.06159 -0.225504
-1.07016 -0.218269
-1.0787 -0.211024
-1.08719 -0.203767
-1.09564 -0.196499
-1.10405 -0.18922
-1.11241 -0.18193
-1.12073 -0.174628
-1.12901 -0.167315
-1.13724 -0.159991
-1.14543 -0.152657
-1.15357 -0.145311
-1.16166 -0.137954
-1.16971 -0.130586
-1.17771 -0.123207
-1.18567 -0.115817
-1.19358 -0.108417
-1.20144 -0.101006
-1.20926 -0.0935838
-1.21703 -0.0861515
-1.22474 -0.0787086
-1.23242 -0.0712554
-1.24004 -0.0637919
-1.24761 -0.0563182
-1.25514 -0.0488344
-1.26261 -0.0413406
-1.27004 -0.0338368
-1.27741 -0.0263233
-1.28473 -0.0188002
-1.29201 -0.0112674
-1.29923 -0.00372522
-1.3064 0.00382628
-1.31352 0.011387
-1.32059 0.0189567
-1.3276 0.0265354
-1.33457 0.0341229
-1.34148 0.041719
-1.34834 0.0493237
-1.35514 0.0569367
-1.36189 0.0645579
-1.36859 0.0721872
-1.37523 0.0798244
-1.38182 0.0874693
-1.38835 0.0951219
-1.39483 0.102782
-1.40126 0.110449
-1.40763 0.118124
-1.41394 0.125805
-1.4202 0.133493
-1.4264 0.141188
-1.43255 0.148889
-1.43863 0.156596
-1.44467 0.164309
-1.45064 0.172029
-1.45656 0.179754
-1.46242 0.187484
-1.46822 0.19522
-1.47397 0.20296
-1.47965 0.210706
-1.48528 0.218457
-1.49085 0.226212
-1.49636 0.233971
-1.50181 0.241735
-1.5072 0.249502
-1.51253 0.257273
-1.51781 0.265048
-1.52302 0.272826
-1.52817 0.280607
-1.53327 0.28839
-1.5383 0.296177
-1.54327 0.303966
-1.54818 0.311757
-1.55303 0.31955
-1.55782 0.327345
-1.56254 0.335142
-1.56721 0.34294
-1.57181 0.350739
-1.57635 0.358539
-1.58083 0.366339
-1.58524 0.37414
-1.5896 0.381941
-1.59389 0.389743
-1.59812 0.397543
-1.60228 0.405344
-1.60638 0.413143
-1.61042 0.420942
-1.61439 0.428739
-1.61831 0.436535
-1.62215 0.444329
-1.62593 0.452122
-1.62965 0.459912
-1.63331 0.467699
-1.6369 0.475484
-1.64042 0.483266
-1.64388 0.491045
-1.64728 0.49882
-1.65061 0.506592
-1.65387 0.514359
-1.65707 0.522123
-1.66021 0.529882
-1.66328 0.537636
-1.66628 0.545386
-1.66922 0.55313
-1.67209 0.560868
-1.6749 0.568601
-1.67764 0.576328
-1.68031 0.584049
-1.68292 0.591763
-1.68546 0.59947
-1.68793 0.60717
-1.69034 0.614863
-1.69268 0.622548
-1.69495 0.630226
-1.69716 0.637895
-1.6993 0.645556
-1.70137 0.653208
-1.70338 0.660852
-1.70532 0.668486
-1.70719 0.67611
-1.70899 0.683725
-1.71073 0.69133
-1.7124 0.698925
-1.714 0.706509
-1.71553 0.714082
-1.717 0.721644
-1.71839 0.729194
-1.71972 0.736733
-1.72099 0.74426
-1.72218 0.751775
-1.72331 0.759277
-1.72436 0.766767
-1.72535 0.774243
-1.72628 0.781706
-1.72713 0.789156
-1.72792 0.796591
-1.72863 0.804012
-1.72928 0.811419
-1.72986 0.818811
-1.73038 0.826188
-1.73082 0.83355
-1.7312 0.840896
-1.7315 0.848226
-1.73174 0.85554
-1.73191 0.862838
-1.73202 0.870119
-1.73205 0.877383
-1.73202 0.884629
-1.73191 0.891858
-1.73174 0.899069
-1.7315 0.906262
-1.7312 0.913436
-1.73082 0.920592
-1.73038 0.927728
-1.72986 0.934846
-1.72928 0.941943
-1.72863 0.949021
-1.72792 0.956078
-1.72713 0.963115
-1.72628 0.970132
-1.72535 0.977127
-1.72436 0.984101
-1.72331 0.991053
-1.72218 0.997983
-1.72099 1.00489
-1.71972 1.01178
-1.71839 1.01864
-1.717 1.02548
-1.71553 1.03229
-1.714 1.03909
-1.7124 1.04586
-1.71073 1.0526
-1.70899 1.05932
-1.70719 1.06601
-1.70532 1.07268
-1.70338 1.07933
-1.70137 1.08595
-1.6993 1.09254
-1.69716 1.09911
-1.69495 1.10565
-1.69268 1.11216
-1.69034 1.11864
-1.68793 1.1251
-1.68546 1.13153
-1.68292 1.13793
-1.68031 1.14431
-1.67764 1.15065
-1.6749 1.15697
-1.67209 1.16326
-1.66922 1.16951
-1.66628 1.17574
-1.66328 1.18194
-1.66021 1.18811
-1.65707 1.19424
-1.65387 1.20035
-1.65061 1.20642
-1.64728 1.21246
-1.64388 1.21848
-1.64042 1.22445
-1.6369 1.2304
-1.63331 1.23631
-1.62965 1.24219
-1.62593 1.24804
-1.62215 1.25385
-1.61831 1.25963
-1.61439 1.26538
-1.61042 1.27109
-1.60638 1.27677
-1.60228 1.28241
-1.59812 1.28801
-1.59389 1.29358
-1.5896 1.29912
-1.58524 1.30461
-1.58083 1.31007
-1.57635 1.3155
-1.57181 1.32089
-1.56721 1.32624
-1.56254 1.33155
-1.55782 1.33682
-1.55303 1.34206
-1.54818 1.34725
-1.54327 1.35241
-1.5383 1.35753
-1.53327 1.36261
-1.52817 1.36765
-1.52302 1.37265
-1.51781 1.37761
-1.51253 1.38253
-1.5072 1.38741
-1.50181 1.39224
-1.49636 1.39704
-1.49085 1.40179
-1.48528 1.4065
-1.47965 1.41117
-1.47397 1.4158
-1.46822 1.42038
-1.46242 1.42492
-1.45656 1.42942
-1.45064 1.43387
-1.44467 1.43828
-1.43863 1.44265
-1.43255 1.44696
-1.4264 1.45124
-1.4202 1.45547
-1.41394 1.45965
-1.40763 1.46379
-1.40126 1.46788
-1.39483 1.47193
-1.38835 1.47592
-1.38182 1.47988
-1.37523 1.48378
-1.36859 1.48764
-1.36189 1.49144
-1.35514 1.4952
-1.34834 1.49891
-1.34148 1.50258
-1.33457 1.50619
-1.3276 1.50975
-1.32059 1.51327
-1.31352 1.51673
-1.3064 1.52015
-1.29923 1.52351
-1.29201 1.52682
-1.28473 1.53008
-1.27741 1.53329
-1.27004 1.53645
-1.26261 1.53955
-1.25514 1.54261
-1.24761 1.54561
-1.24004 1.54855
-1.23242 1.55145
-1.22474 1.55428
-1.21703 1.55707
-1.20926 1.5598
-1.20144 1.56248
-1.19358 1.5651
-1.18567 1.56766
-1.17771 1.57017
-1.16971 1.57263
-1.16166 1.57503
-1.15357 1.57737
-1.14543 1.57965
-1.13724 1.58188
-1.12901 1.58405
-1.12073 1.58616
-1.11241 1.58821
-1.10405 1.5902
-1.09564 1.59214
-1.08719 1.59401
-1.0787 1.59583
-1.07016 1.59759
-1.06159 1.59928
-1.05297 1.60092
-1.0443 1.60249
-1.0356 1.604
-1.02686 1.60545
-1.01807 1.60684
-1.00925 1.60816
-1.00039 1.60942
-0.991482 1.61062
-0.982539 1.61175
-0.973557 1.61282
-0.964537 1.61383
-0.955479 1.61477
-0.946383 1.61564
-0.93725 1.61645
-0.928079 1.61719
-0.918872 1.61787
-0.909629 1.61847
-0.90035 1.61901
-0.891035 1.61948
-0.881686 1.61989
-0.872301 1.62022
-0.862882 1.62048
-0.853429 1.62068
-0.843942 1.6208
-0.834422 1.62085
-0.824869 1.62083
-0.815283 1.62074
-0.805665 1.62057
-0.796016 1.62033
-0.786335 1.62002
-0.776623 1.61963
-0.76688 1.61916
-0.757107 1.61862
-0.747304 1.61801
-0.737471 1.61731
-0.72761 1.61654
-0.71772 1.61569
-0.707801 1.61476
-0.697854 1.61375
-0.68788 1.61266
-0.677879 1.61148
-0.667851 1.61023
-0.657797 1.60888
-0.647716 1.60746
-0.63761 1.60595
-0.627479 1.60435
-0.617323 1.60267
-0.607143 1.6009
-0.596939 1.59904
-0.586711 1.59708
-0.57646 1.59504
-0.566187 1.5929
-0.555891 1.59067
-0.545573 1.58834
-0.535233 1.58592
-0.524872 1.58339
-0.514491 1.58077
-0.504089 1.57804
-0.493668 1.57522
-0.483227 1.57228
-0.472767 1.56924
-0.462288 1.56609
-0.451791 1.56283
-0.441276 1.55945
-0.430744 1.55596
-0.420194 1.55235
-0.409628 1.54863
-0.399046 1.54477
-0.388448 1.54079
-0.377835 1.53668
-0.367207 1.53244
-0.356564 1.52805
-0.345908 1.52353
-0.335238 1.51886
-0.324554 1.51405
-0.313858 1.50907
-0.303149 1.50394
-0.292428 1.49864
-0.281696 1.49316
-0.270952 1.4875
-0.260198 1.48166
-0.249434 1.47562
-0.23866 1.46937
-0.227876 1.46291
-0.217084 1.45621
-0.206282 1.44927
-0.195473 1.44207
-0.184656 1.4346
-0.173832 1.42682
-0.163 1.41873
-0.152163 1.41029
-0.141319 1.40147
-0.13047 1.39222
-0.119615 1.38251
-0.108756 1.37228
-0.097893 1.36144
-0.0870257 1.34991
-0.076155 1.33756
-0.0652813 1.32421
-0.054405 1.30963
-0.0435266 1.29342
-0.0326465 1.27495
-0.021765 1.25296
-0.0108827 1.22422
-4.2423e-16 1.1547
