1.49186e-16 1.1547
0.00132164 1.15978
0.00264575 1.16486
0.00397478 1.16994
0.00531121 1.17501
0.00665749 1.18007
0.00801609 1.18513
0.00938947 1.19018
0.0107801 1.19522
0.0121904 1.20024
0.013623 1.20526
0.0150801 1.21025
0.0165644 1.21524
0.0180782 1.2202
0.0196241 1.22514
0.0212044 1.23006
0.0228217 1.23496
0.0244785 1.23984
0.0261771 1.24469
0.0279201 1.24951
0.0297099 1.2543
0.0315489 1.25907
0.0334397 1.2638
0.0353848 1.2685
0.0373865 1.27316
0.0394473 1.27779
0.0415697 1.28238
0.0437562 1.28693
0.0460092 1.29144
0.0483312 1.29591
0.0507246 1.30034
0.053192 1.30471
0.0557358 1.30905
0.0583584 1.31333
0.0610623 1.31756
0.0638499 1.32175
0.0667239 1.32588
0.0696863 1.32995
0.0727362 1.33398
0.0758696 1.33795
0.0790826 1.34186
0.0823713 1.34573
0.0857316 1.34955
0.0891596 1.35332
0.0926514 1.35705
0.0962029 1.36073
0.0998102 1.36437
0.103469 1.36797
0.107176 1.37153
0.110927 1.37505
0.114718 1.37853
0.118545 1.38197
0.122404 1.38539
0.126291 1.38876
0.130202 1.39211
0.134133 1.39543
0.13808 1.39872
0.142042 1.40198
0.146019 1.40521
0.150012 1.40841
0.15402 1.41159
0.158045 1.41473
0.162087 1.41785
0.166145 1.42094
0.170222 1.424
0.174316 1.42703
0.178429 1.43004
0.182561 1.43301
0.186712 1.43596
0.190884 1.43888
0.195075 1.44177
0.199287 1.44463
0.20352 1.44746
0.207775 1.45026
0.21205 1.45303
0.216346 1.45578
0.220661 1.45849
0.224996 1.46118
0.229349 1.46384
0.23372 1.46648
0.238109 1.46908
0.242514 1.47166
0.246935 1.47422
0.251371 1.47674
0.255823 1.47925
0.260288 1.48172
0.264768 1.48417
0.26926 1.4866
0.273765 1.489
0.278282 1.49138
0.282811 1.49373
0.287352 1.49606
0.291904 1.49836
0.296468 1.50064
0.301044 1.5029
0.30563 1.50513
0.310229 1.50734
0.314838 1.50953
0.319458 1.51169
0.324088 1.51383
0.32873 1.51594
0.333382 1.51804
0.338044 1.52011
0.342717 1.52215
0.3474 1.52417
0.352093 1.52618
0.356795 1.52815
0.361507 1.53011
0.366229 1.53204
0.370959 1.53395
0.375699 1.53584
0.380447 1.53771
0.385204 1.53955
0.38997 1.54137
0.394744 1.54317
0.399526 1.54495
0.404316 1.54671
0.409114 1.54844
0.413919 1.55015
0.418732 1.55185
0.423552 1.55352
0.42838 1.55516
0.433215 1.55679
0.438056 1.5584
0.442905 1.55998
0.447761 1.56155
0.452623 1.56309
0.457492 1.56461
0.462368 1.56612
0.46725 1.5676
0.472138 1.56905
0.477032 1.57049
0.481933 1.57191
0.486839 1.57331
0.491751 1.57468
0.496669 1.57604
0.501593 1.57738
0.506522 1.57869
0.511456 1.57998
0.516396 1.58126
0.521341 1.58251
0.526291 1.58374
0.531247 1.58496
0.536207 1.58615
0.541172 1.58732
0.546141 1.58847
0.551116 1.5896
0.556095 1.59071
0.561078 1.5918
0.566066 1.59288
0.571058 1.59393
0.576054 1.59496
0.581054 1.59597
0.586059 1.59696
0.591067 1.59792
0.596079 1.59887
0.601095 1.5998
0.606114 1.60071
0.611137 1.6016
0.616164 1.60247
0.621194 1.60332
0.626228 1.60415
0.631264 1.60496
0.636304 1.60575
0.641347 1.60652
0.646393 1.60727
0.651442 1.608
0.656494 1.60871
0.661548 1.60939
0.666605 1.61006
0.671665 1.61071
0.676728 1.61134
0.681792 1.61195
0.686859 1.61254
0.691929 1.61311
0.697 1.61366
0.702074 1.61419
0.70715 1.61469
0.712228 1.61518
0.717307 1.61565
0.722389 1.6161
0.727472 1.61653
0.732557 1.61694
0.737643 1.61732
0.742731 1.61769
0.747821 1.61804
0.752911 1.61837
0.758003 1.61868
0.763096 1.61896
0.768191 1.61923
0.773286 1.61948
0.778382 1.6197
0.783479 1.61991
0.788577 1.6201
0.793675 1.62026
0.798775 1.62041
0.803874 1.62053
0.808974 1.62063
0.814075 1.62072
0.819176 1.62078
0.824277 1.62083
0.829378 1.62085
0.834479 1.62085
0.83958 1.62083
0.844681 1.62079
0.849782 1.62073
0.854883 1.62065
0.859983 1.62055
0.865083 1.62043
0.870182 1.62029
0.875281 1.62012
0.880378 1.61994
0.885475 1.61973
0.890572 1.61951
0.895667 1.61926
0.900761 1.61899
0.905854 1.6187
0.910946 1.61839
0.916036 1.61806
0.921125 1.61771
0.926213 1.61733
0.931299 1.61694
0.936383 1.61652
0.941465 1.61609
0.946546 1.61563
0.951624 1.61515
0.956701 1.61465
0.961775 1.61412
0.966847 1.61358
0.971917 1.61301
0.976984 1.61242
0.982049 1.61181
0.987111 1.61118
0.99217 1.61053
0.997227 1.60986
1.00228 1.60916
1.00733 1.60844
1.01238 1.6077
1.01742 1.60694
1.02246 1.60615
1.0275 1.60535
1.03253 1.60452
1.03756 1.60367
1.04259 1.60279
1.04761 1.6019
1.05263 1.60098
1.05764 1.60004
1.06265 1.59907
1.06766 1.59809
1.07266 1.59708
1.07765 1.59605
1.08264 1.595
1.08763 1.59392
1.09261 1.59282
1.09759 1.5917
1.10256 1.59055
1.10752 1.58938
1.11248 1.58819
1.11744 1.58698
1.12239 1.58574
1.12733 1.58448
1.13227 1.5832
1.1372 1.58189
1.14212 1.58056
1.14704 1.5792
1.15195 1.57782
1.15686 1.57642
1.16176 1.575
1.16665 1.57355
1.17153 1.57208
1.17641 1.57058
1.18128 1.56906
1.18614 1.56751
1.19099 1.56594
1.19584 1.56435
1.20068 1.56274
1.20551 1.56109
1.21033 1.55943
1.21514 1.55774
1.21995 1.55602
1.22474 1.55429
1.22953 1.55252
1.23431 1.55073
1.23908 1.54892
1.24384 1.54708
1.24858 1.54522
1.25332 1.54333
1.25805 1.54142
1.26277 1.53949
1.26748 1.53752
1.27218 1.53554
1.27687 1.53353
1.28154 1.53149
1.28621 1.52943
1.29087 1.52734
1.29551 1.52523
1.30014 1.52309
1.30476 1.52092
1.30937 1.51873
1.31396 1.51652
1.31855 1.51428
1.32312 1.51201
1.32767 1.50972
1.33222 1.5074
1.33675 1.50506
1.34127 1.50269
1.34577 1.50029
1.35026 1.49787
1.35474 1.49543
1.3592 1.49295
1.36365 1.49045
1.36808 1.48793
1.3725 1.48538
1.3769 1.4828
1.38129 1.4802
1.38566 1.47757
1.39001 1.47491
1.39435 1.47223
1.39867 1.46952
1.40298 1.46678
1.40727 1.46402
1.41154 1.46123
1.4158 1.45842
1.42003 1.45558
1.42425 1.45271
1.42846 1.44982
1.43264 1.4469
1.4368 1.44395
1.44095 1.44098
1.44508 1.43798
1.44918 1.43496
1.45327 1.4319
1.45734 1.42883
1.46139 1.42572
1.46542 1.42259
1.46942 1.41943
1.47341 1.41625
1.47737 1.41304
1.48132 1.4098
1.48524 1.40654
1.48914 1.40325
1.49302 1.39993
1.49687 1.39659
1.5007 1.39323
1.50451 1.38983
1.5083 1.38641
1.51206 1.38297
1.5158 1.3795
1.51951 1.376
1.5232 1.37248
1.52687 1.36893
1.53051 1.36535
1.53412 1.36175
1.53771 1.35813
1.54127 1.35448
1.54481 1.3508
1.54832 1.3471
1.55181 1.34337
1.55527 1.33962
1.5587 1.33585
1.5621 1.33205
1.56547 1.32822
1.56882 1.32437
1.57214 1.3205
1.57543 1.3166
1.57869 1.31268
1.58192 1.30873
1.58513 1.30476
1.5883 1.30076
1.59145 1.29675
1.59456 1.2927
1.59764 1.28864
1.6007 1.28455
1.60372 1.28044
1.60671 1.27631
1.60967 1.27215
1.6126 1.26798
1.61549 1.26378
1.61836 1.25956
1.62119 1.25531
1.62399 1.25105
1.62676 1.24676
1.62949 1.24245
1.63219 1.23813
1.63486 1.23378
1.63749 1.22941
1.64009 1.22502
1.64266 1.22061
1.64519 1.21618
1.64769 1.21173
1.65015 1.20726
1.65258 1.20278
1.65497 1.19827
1.65733 1.19375
1.65965 1.18921
1.66194 1.18465
1.66419 1.18007
1.66641 1.17547
1.66859 1.17086
1.67073 1.16623
1.67284 1.16159
1.67491 1.15693
1.67695 1.15225
1.67895 1.14755
1.68091 1.14285
1.68284 1.13812
1.68473 1.13338
1.68658 1.12863
1.6884 1.12386
1.69018 1.11908
1.69192 1.11428
1.69362 1.10948
1.69529 1.10466
1.69692 1.09982
1.69851 1.09497
1.70007 1.09012
1.70159 1.08525
1.70307 1.08036
1.70451 1.07547
1.70592 1.07057
1.70729 1.06565
1.70862 1.06073
1.70991 1.05579
1.71117 1.05085
1.71239 1.04589
1.71357 1.04093
1.71471 1.03596
1.71582 1.03098
1.71689 1.02599
1.71792 1.02099
1.71891 1.01599
1.71987 1.01098
1.72079 1.00596
1.72168 1.00094
1.72252 0.995907
1.72333 0.99087
1.72411 0.985827
1.72484 0.980779
1.72554 0.975726
1.72621 0.970668
1.72684 0.965605
1.72743 0.960538
1.72798 0.955466
1.7285 0.950391
1.72898 0.945313
1.72943 0.940231
1.72984 0.935146
1.73022 0.930058
1.73056 0.924968
1.73086 0.919875
1.73113 0.914781
1.73137 0.909685
1.73157 0.904588
1.73173 0.899489
1.73186 0.894389
1.73196 0.889288
1.73202 0.884187
1.73205 0.879086
1.73204 0.873984
1.732 0.868883
1.73193 0.863782
1.73182 0.858682
1.73169 0.853582
1.73151 0.848484
1.73131 0.843386
1.73107 0.838291
1.7308 0.833196
1.7305 0.828104
1.73016 0.823013
1.7298 0.817925
1.7294 0.812839
1.72897 0.807756
1.72851 0.802675
1.72802 0.797598
1.72749 0.792523
1.72694 0.787452
1.72636 0.782384
1.72574 0.77732
1.7251 0.772259
1.72442 0.767203
1.72372 0.76215
1.72299 0.757102
1.72222 0.752058
1.72143 0.747018
1.72061 0.741984
1.71976 0.736954
1.71888 0.731928
1.71798 0.726908
1.71704 0.721893
1.71608 0.716883
1.71509 0.711879
1.71407 0.70688
1.71303 0.701887
1.71196 0.6969
1.71086 0.691918
1.70973 0.686942
1.70858 0.681973
1.7074 0.677009
1.7062 0.672052
1.70497 0.667102
1.70371 0.662157
1.70243 0.657219
1.70113 0.652288
1.69979 0.647364
1.69844 0.642446
1.69706 0.637536
1.69565 0.632632
1.69422 0.627735
1.69277 0.622845
1.69129 0.617963
1.68979 0.613088
1.68826 0.60822
1.68671 0.60336
1.68514 0.598506
1.68355 0.593661
1.68193 0.588823
1.68029 0.583993
1.67863 0.57917
1.67694 0.574355
1.67523 0.569548
1.67351 0.564749
1.67176 0.559957
1.66998 0.555174
1.66819 0.550399
1.66637 0.545631
1.66454 0.540872
1.66268 0.53612
1.66081 0.531377
1.65891 0.526642
1.65699 0.521916
1.65505 0.517197
1.65309 0.512487
1.65111 0.507785
1.64912 0.503091
1.6471 0.498406
1.64506 0.493729
1.64301 0.489061
1.64093 0.484401
1.63884 0.479749
1.63672 0.475106
1.63459 0.470472
1.63244 0.465846
1.63028 0.461228
1.62809 0.456619
1.62589 0.452019
1.62366 0.447427
1.62142 0.442844
1.61917 0.438269
1.61689 0.433704
1.6146 0.429146
1.61229 0.424598
1.60997 0.420058
1.60762 0.415526
1.60526 0.411004
1.60289 0.40649
1.60049 0.401985
1.59809 0.397488
1.59566 0.393
1.59322 0.388521
1.59076 0.384051
1.58829 0.379589
1.5858 0.375136
1.5833 0.370691
1.58078 0.366256
1.57825 0.361829
1.5757 0.35741
1.57313 0.353001
1.57055 0.3486
1.56796 0.344208
1.56535 0.339824
1.56273 0.33545
1.56009 0.331083
1.55744 0.326726
1.55477 0.322377
1.55209 0.318037
1.5494 0.313706
1.54669 0.309383
1.54397 0.305068
1.54123 0.300763
1.53848 0.296466
1.53572 0.292178
1.53295 0.287898
1.53016 0.283627
1.52735 0.279364
1.52454 0.27511
1.52171 0.270864
1.51887 0.266627
1.51602 0.262399
1.51315 0.258179
1.51027 0.253968
1.50738 0.249765
1.50448 0.24557
1.50157 0.241384
1.49864 0.237207
1.4957 0.233038
1.49275 0.228877
1.48979 0.224725
1.48681 0.220581
1.48383 0.216445
1.48083 0.212318
1.47782 0.208199
1.4748 0.204089
1.47177 0.199987
1.46872 0.195893
1.46567 0.191807
1.4626 0.18773
1.45953 0.18366
1.45644 0.179599
1.45334 0.175547
1.45024 0.171502
1.44712 0.167466
1.44399 0.163437
1.44085 0.159417
1.4377 0.155405
1.43454 0.151401
1.43137 0.147405
1.42819 0.143417
1.425 0.139438
1.42179 0.135466
1.41858 0.131502
1.41536 0.127546
1.41213 0.123598
1.40889 0.119658
1.40564 0.115726
1.40239 0.111802
1.39912 0.107886
1.39584 0.103977
1.39255 0.100077
1.38926 0.0961837
1.38595 0.0922987
1.38264 0.0884213
1.37931 0.0845518
1.37598 0.0806899
1.37264 0.0768358
1.36929 0.0729893
1.36593 0.0691504
1.36256 0.0653192
1.35919 0.0614956
1.3558 0.0576796
1.35241 0.0538712
1.34901 0.0500703
1.3456 0.0462769
1.34218 0.042491
1.33875 0.0387126
1.33532 0.0349416
1.33187 0.0311781
1.32842 0.027422
1.32496 0.0236732
1.3215 0.0199318
1.31802 0.0161978
1.31454 0.0124711
1.31105 0.00875164
1.30755 0.00503947
1.30404 0.00133455
1.30053 -0.00236314
1.29701 -0.00605364
1.29348 -0.00973695
1.28994 -0.0134131
1.2864 -0.0170822
1.28285 -0.0207441
1.27929 -0.0243989
1.27572 -0.0280467
1.27215 -0.0316875
1.26857 -0.0353212
1.26498 -0.0389479
1.26139 -0.0425677
1.25779 -0.0461806
1.25418 -0.0497865
1.25057 -0.0533855
1.24695 -0.0569777
1.24332 -0.060563
1.23968 -0.0641415
1.23604 -0.0677132
1.23239 -0.0712781
1.22874 -0.0748363
1.22508 -0.0783877
1.22141 -0.0819325
1.21773 -0.0854705
1.21405 -0.0890019
1.21037 -0.0925267
1.20667 -0.0960449
1.20297 -0.0995565
1.19927 -0.103062
1.19556 -0.10656
1.19184 -0.110052
1.18811 -0.113538
1.18438 -0.117017
1.18065 -0.120489
1.1769 -0.123956
1.17316 -0.127415
1.1694 -0.130869
1.16564 -0.134316
1.16188 -0.137757
1.15811 -0.141191
1.15433 -0.14462
1.15055 -0.148042
1.14676 -0.151458
1.14296 -0.154867
1.13917 -0.158271
1.13536 -0.161668
1.13155 -0.16506
1.12773 -0.168445
1.12391 -0.171824
1.12009 -0.175197
1.11626 -0.178564
1.11242 -0.181925
1.10858 -0.185281
1.10473 -0.18863
1.10088 -0.191973
1.09702 -0.195311
1.09316 -0.198642
1.08929 -0.201968
1.08542 -0.205288
1.08154 -0.208602
1.07766 -0.211911
1.07377 -0.215214
1.06988 -0.218511
1.06598 -0.221802
1.06208 -0.225088
1.05817 -0.228368
1.05426 -0.231643
1.05035 -0.234912
1.04643 -0.238175
1.0425 -0.241433
1.03857 -0.244686
1.03464 -0.247933
1.0307 -0.251175
1.02676 -0.254411
1.02281 -0.257642
1.01886 -0.260867
1.0149 -0.264088
1.01094 -0.267302
1.00698 -0.270512
1.00301 -0.273717
0.999039 -0.276916
0.995062 -0.28011
0.99108 -0.283299
0.987095 -0.286483
0.983106 -0.289661
0.979113 -0.292835
0.975116 -0.296004
0.971114 -0.299167
0.967109 -0.302326
0.9631 -0.30548
0.959087 -0.308629
0.955071 -0.311773
0.95105 -0.314912
0.947026 -0.318046
0.942998 -0.321175
0.938966 -0.3243
0.934931 -0.32742
0.930892 -0.330535
0.926849 -0.333646
0.922803 -0.336752
0.918754 -0.339853
0.9147 -0.34295
0.910644 -0.346042
0.906584 -0.349129
0.90252 -0.352213
0.898453 -0.355291
0.894383 -0.358366
0.890309 -0.361435
0.886232 -0.364501
0.882152 -0.367562
0.878069 -0.370619
0.873983 -0.373672
0.869893 -0.37672
0.8658 -0.379764
0.861704 -0.382804
0.857605 -0.38584
0.853503 -0.388872
0.849398 -0.3919
0.84529 -0.394923
0.84118 -0.397943
0.837066 -0.400959
0.832949 -0.403971
0.82883 -0.406979
0.824707 -0.409983
0.820582 -0.412983
0.816454 -0.415979
0.812324 -0.418972
0.808191 -0.421961
0.804055 -0.424947
0.799916 -0.427928
0.795775 -0.430906
0.791632 -0.433881
0.787485 -0.436852
0.783337 -0.43982
0.779186 -0.442784
0.775032 -0.445744
0.770876 -0.448702
0.766718 -0.451656
0.762557 -0.454606
0.758394 -0.457554
0.754229 -0.460498
0.750061 -0.463439
0.745892 -0.466377
0.74172 -0.469312
0.737546 -0.472244
0.73337 -0.475173
0.729192 -0.478099
0.725012 -0.481022
0.72083 -0.483942
0.716645 -0.486859
0.712459 -0.489774
0.708271 -0.492686
0.704082 -0.495595
0.69989 -0.498501
0.695697 -0.501405
0.691501 -0.504307
0.687304 -0.507206
0.683106 -0.510102
0.678906 -0.512996
0.674704 -0.515888
0.6705 -0.518777
0.666295 -0.521664
0.662089 -0.524549
0.657881 -0.527432
0.653671 -0.530313
0.64946 -0.533191
0.645248 -0.536068
0.641035 -0.538942
0.63682 -0.541815
0.632604 -0.544686
0.628386 -0.547555
0.624168 -0.550423
0.619948 -0.553289
0.615728 -0.556153
0.611506 -0.559016
0.607284 -0.561877
0.60306 -0.564737
0.598835 -0.567595
0.59461 -0.570452
0.590384 -0.573308
0.586156 -0.576163
0.581929 -0.579016
0.5777 -0.581869
0.573471 -0.584721
0.569241 -0.587571
0.565011 -0.590421
0.56078 -0.59327
0.556548 -0.596118
0.552317 -0.598966
0.548084 -0.601813
0.543852 -0.60466
0.539619 -0.607506
0.535386 -0.610352
0.531153 -0.613197
0.526919 -0.616043
0.522686 -0.618888
0.518452 -0.621733
0.514219 -0.624578
0.509985 -0.627424
0.505752 -0.630269
0.501519 -0.633115
0.497286 -0.635961
0.493054 -0.638808
0.488822 -0.641655
0.48459 -0.644503
0.480359 -0.647352
0.476129 -0.650202
0.471899 -0.653052
0.467669 -0.655903
0.463441 -0.658756
0.459213 -0.66161
0.454986 -0.664464
0.450761 -0.667321
0.446536 -0.670179
0.442312 -0.673038
0.438089 -0.6759
0.433868 -0.678763
0.429648 -0.681628
0.425429 -0.684495
0.421212 -0.687364
0.416996 -0.690236
0.412782 -0.69311
0.40857 -0.695986
0.404359 -0.698865
0.40015 -0.701747
0.395943 -0.704631
0.391738 -0.707519
0.387535 -0.710409
0.383334 -0.713303
0.379136 -0.716201
0.37494 -0.719102
0.370747 -0.722007
0.366557 -0.724916
0.36237 -0.727829
0.358185 -0.730746
0.354004 -0.733667
0.349827 -0.736593
0.345652 -0.739524
0.341481 -0.74246
0.337314 -0.7454
0.333151 -0.748346
0.328992 -0.751297
0.324836 -0.754253
0.320685 -0.757216
0.316537 -0.760184
0.312394 -0.763158
0.308255 -0.766138
0.304121 -0.769125
0.299991 -0.772118
0.295866 -0.775118
0.291745 -0.778125
0.287629 -0.781139
0.283518 -0.78416
0.279412 -0.787188
0.275311 -0.790224
0.271215 -0.793268
0.267124 -0.79632
0.263039 -0.79938
0.25896 -0.802449
0.254888 -0.805527
0.250823 -0.808614
0.246766 -0.811711
0.242717 -0.814819
0.238677 -0.817937
0.234646 -0.821066
0.230625 -0.824206
0.226615 -0.827359
0.222615 -0.830523
0.218627 -0.8337
0.214651 -0.83689
0.210687 -0.840093
0.206736 -0.84331
0.202799 -0.846541
0.198875 -0.849786
0.194965 -0.853046
0.191068 -0.85632
0.187184 -0.859609
0.183312 -0.862913
0.179451 -0.866232
0.175602 -0.869566
0.171764 -0.872915
0.167936 -0.876279
0.164119 -0.879658
0.160312 -0.883052
0.156513 -0.886462
0.152724 -0.889888
0.148943 -0.893329
0.145171 -0.896785
0.141406 -0.900258
0.137648 -0.903746
0.133897 -0.907251
0.130155 -0.910772
0.126426 -0.914312
0.122714 -0.917873
0.119021 -0.921455
0.115353 -0.925061
0.111713 -0.928692
0.108104 -0.93235
0.104531 -0.936037
0.100998 -0.939754
0.0975087 -0.943504
0.0940663 -0.947287
0.090675 -0.951106
0.0873387 -0.954961
0.0840613 -0.958856
0.0808465 -0.962791
0.0776983 -0.966768
0.0746204 -0.970789
0.0716169 -0.974855
0.0686914 -0.978969
0.0658474 -0.983131
0.0630845 -0.987341
0.0604006 -0.991599
0.0577933 -0.995902
0.0552604 -1.00025
0.0527997 -1.00464
0.0504089 -1.00907
0.0480856 -1.01354
0.0458278 -1.01805
0.0436331 -1.0226
0.0414993 -1.02719
0.0394241 -1.03181
0.0374052 -1.03646
0.0354405 -1.04114
0.0335276 -1.04586
0.0316643 -1.05061
0.0298484 -1.05538
0.0280775 -1.06018
0.0263495 -1.06501
0.0246621 -1.06986
0.023013 -1.07473
0.0213999 -1.07962
0.0198207 -1.08454
0.0182731 -1.08947
0.0167547 -1.09442
0.0152634 -1.09939
0.0137969 -1.10437
0.012353 -1.10936
0.0109293 -1.11437
0.0095237 -1.11939
0.00813387 -1.12442
0.00675755 -1.12945
0.00539252 -1.13449
0.0040365 -1.13954
0.00268724 -1.14459
0.00134249 -1.14965
-5.68434e-14 -1.1547
1.49186e-16 -1.1547
-0.00134249 -1.14965
-0.00268724 -1.14459
-0.0040365 -1.13954
-0.00539252 -1.13449
-0.00675755 -1.12945
-0.00813387 -1.12442
-0.0095237 -1.11939
-0.0109293 -1.11437
-0.012353 -1.10936
-0.0137969 -1.10437
-0.0152634 -1.09939
-0.0167547 -1.09442
-0.0182731 -1.08947
-0.0198207 -1.08454
-0.0213999 -1.07962
-0.023013 -1.07473
-0.0246621 -1.06986
-0.0263495 -1.06501
-0.0280775 -1.06018
-0.0298484 -1.05538
-0.0316643 -1.05061
-0.0335276 -1.04586
-0.0354405 -1.04114
-0.0374052 -1.03646
-0.0394241 -1.03181
-0.0414993 -1.02719
-0.0436331 -1.0226
-0.0458278 -1.01805
-0.0480856 -1.01354
-0.0504089 -1.00907
-0.0527997 -1.00464
-0.0552604 -1.00025
-0.0577933 -0.995902
-0.0604006 -0.991599
-0.0630845 -0.987341
-0.0658474 -0.983131
-0.0686914 -0.978969
-0.0716169 -0.974855
-0.0746204 -0.970789
-0.0776983 -0.966768
-0.0808465 -0.962791
-0.0840613 -0.958856
-0.0873387 -0.954961
-0.090675 -0.951106
-0.0940663 -0.947287
-0.0975087 -0.943504
-0.100998 -0.939754
-0.104531 -0.936037
-0.108104 -0.93235
-0.111713 -0.928692
-0.115353 -0.925061
-0.119021 -0.921455
-0.122714 -0.917873
-0.126426 -0.914312
-0.130155 -0.910772
-0.133897 -0.907251
-0.137648 -0.903746
-0.141406 -0.900258
-0.145171 -0.896785
-0.148943 -0.893329
-0.152724 -0.889888
-0.156513 -0.886462
-0.160312 -0.883052
-0.164119 -0.879658
-0.167936 -0.876279
-0.171764 -0.872915
-0.175602 -0.869566
-0.179451 -0.866232
-0.183312 -0.862913
-0.187184 -0.859609
-0.191068 -0.85632
-0.194965 -0.853046
-0.198875 -0.849786
-0.202799 -0.846541
-0.206736 -0.84331
-0.210687 -0.840093
-0.214651 -0.83689
-0.218627 -0.8337
-0.222615 -0.830523
-0.226615 -0.827359
-0.230625 -0.824206
-0.234646 -0.821066
-0.238677 -0.817937
-0.242717 -0.814819
-0.246766 -0.811711
-0.250823 -0.808614
-0.254888 -0.805527
-0.25896 -0.802449
-0.263039 -0.79938
-0.267124 -0.79632
-0.271215 -0.793268
-0.275311 -0.790224
-0.279412 -0.787188
-0.283518 -0.78416
-0.287629 -0.781139
-0.291745 -0.778125
-0.295866 -0.775118
-0.299991 -0.772118
-0.304121 -0.769125
-0.308255 -0.766138
-0.312394 -0.763158
-0.316537 -0.760184
-0.320685 -0.757216
-0.324836 -0.754253
-0.328992 -0.751297
-0.333151 -0.748346
-0.337314 -0.7454
-0.341481 -0.74246
-0.345652 -0.739524
-0.349827 -0.736593
-0.354004 -0.733667
-0.358185 -0.730746
-0.36237 -0.727829
-0.366557 -0.724916
-0.370747 -0.722007
-0.37494 -0.719102
-0.379136 -0.716201
-0.383334 -0.713303
-0.387535 -0.710409
-0.391738 -0.707519
-0.395943 -0.704631
-0.40015 -0.701747
-0.404359 -0.698865
-0.408569 -0.695986
-0.412782 -0.69311
-0.416996 -0.690236
-0.421212 -0.687364
-0.425429 -0.684495
-0.429648 -0.681628
-0.433868 -0.678763
-0.438089 -0.6759
-0.442312 -0.673038
-0.446536 -0.670179
-0.450761 -0.667321
-0.454986 -0.664464
-0.459213 -0.66161
-0.463441 -0.658756
-0.467669 -0.655903
-0.471899 -0.653052
-0.476129 -0.650202
-0.480359 -0.647352
-0.48459 -0.644503
-0.488822 -0.641655
-0.493054 -0.638808
-0.497286 -0.635961
-0.501519 -0.633115
-0.505752 -0.630269
-0.509985 -0.627424
-0.514219 -0.624578
-0.518452 -0.621733
-0.522686 -0.618888
-0.526919 -0.616043
-0.531153 -0.613197
-0.535386 -0.610352
-0.539619 -0.607506
-0.543852 -0.60466
-0.548084 -0.601813
-0.552317 -0.598966
-0.556548 -0.596118
-0.56078 -0.59327
-0.565011 -0.590421
-0.569241 -0.587571
-0.573471 -0.584721
-0.5777 -0.581869
-0.581929 -0.579016
-0.586156 -0.576163
-0.590384 -0.573308
-0.59461 -0.570452
-0.598835 -0.567595
-0.60306 -0.564737
-0.607284 -0.561877
-0.611506 -0.559016
-0.615728 -0.556153
-0.619948 -0.553289
-0.624168 -0.550423
-0.628386 -0.547555
-0.632604 -0.544686
-0.63682 -0.541815
-0.641035 -0.538942
-0.645248 -0.536068
-0.64946 -0.533191
-0.653671 -0.530313
-0.657881 -0.527432
-0.662089 -0.524549
-0.666295 -0.521664
-0.6705 -0.518777
-0.674704 -0.515888
-0.678906 -0.512996
-0.683106 -0.510102
-0.687304 -0.507206
-0.691501 -0.504307
-0.695697 -0.501405
-0.69989 -0.498501
-0.704082 -0.495595
-0.708271 -0.492686
-0.712459 -0.489774
-0.716645 -0.486859
-0.72083 -0.483942
-0.725012 -0.481022
-0.729192 -0.478099
-0.73337 -0.475173
-0.737546 -0.472244
-0.74172 -0.469312
-0.745892 -0.466377
-0.750061 -0.463439
-0.754229 -0.460498
-0.758394 -0.457554
-0.762557 -0.454606
-0.766718 -0.451656
-0.770876 -0.448702
-0.775032 -0.445744
-0.779186 -0.442784
-0.783337 -0.43982
-0.787485 -0.436852
-0.791632 -0.433881
-0.795775 -0.430906
-0.799916 -0.427928
-0.804055 -0.424947
-0.808191 -0.421961
-0.812324 -0.418972
-0.816454 -0.415979
-0.820582 -0.412983
-0.824707 -0.409983
-0.82883 -0.406979
-0.832949 -0.403971
-0.837066 -0.400959
-0.84118 -0.397943
-0.84529 -0.394923
-0.849398 -0.3919
-0.853503 -0.388872
-0.857605 -0.38584
-0.861704 -0.382804
-0.8658 -0.379764
-0.869893 -0.37672
-0.873983 -0.373672
-0.878069 -0.370619
-0.882152 -0.367562
-0.886232 -0.364501
-0.890309 -0.361435
-0.894383 -0.358366
-0.898453 -0.355291
-0.90252 -0.352213
-0.906584 -0.349129
-0.910644 -0.346042
-0.9147 -0.34295
-0.918753 -0.339853
-0.922803 -0.336752
-0.926849 -0.333646
-0.930892 -0.330535
-0.934931 -0.32742
-0.938966 -0.3243
-0.942998 -0.321175
-0.947026 -0.318046
-0.95105 -0.314912
-0.955071 -0.311773
-0.959087 -0.308629
-0.9631 -0.30548
-0.967109 -0.302326
-0.971114 -0.299167
-0.975116 -0.296004
-0.979113 -0.292835
-0.983106 -0.289661
-0.987095 -0.286483
-0.99108 -0.283299
-0.995062 -0.28011
-0.999039 -0.276916
-1.00301 -0.273717
-1.00698 -0.270512
-1.01094 -0.267302
-1.0149 -0.264088
-1.01886 -0.260867
-1.02281 -0.257642
-1.02676 -0.254411
-1.0307 -0.251175
-1.03464 -0.247933
-1.03857 -0.244686
-1.0425 -0.241433
-1.04643 -0.238175
-1.05035 -0.234912
-1.05426 -0.231643
-1.05817 -0.228368
-1.06208 -0.225088
-1.06598 -0.221802
-1.06988 -0.218511
-1.07377 -0.215214
-1.07766 -0.211911
-1.08154 -0.208602
-1.08542 -0.205288
-1.08929 -0.201968
-1.09316 -0.198642
-1.09702 -0.195311
-1.10088 -0.191973
-1.10473 -0.18863
-1.10858 -0.185281
-1.11242 -0.181925
-1.11626 -0.178564
-1.12009 -0.175197
-1.12391 -0.171824
-1.12773 -0.168445
-1.13155 -0.16506
-1.13536 -0.161668
-1.13917 -0.158271
-1.14296 -0.154867
-1.14676 -0.151458
-1.15055 -0.148042
-1.15433 -0.14462
-1.15811 -0.141191
-1.16188 -0.137757
-1.16564 -0.134316
-1.1694 -0.130869
-1.17316 -0.127415
-1.1769 -0.123956
-1.18065 -0.120489
-1.18438 -0.117017
-1.18811 -0.113538
-1.19184 -0.110052
-1.19556 -0.10656
-1.19927 -0.103062
-1.20297 -0.0995565
-1.20667 -0.0960449
-1.21037 -0.0925267
-1.21405 -0.0890019
-1.21773 -0.0854705
-1.22141 -0.0819325
-1.22508 -0.0783877
-1.22874 -0.0748363
-1.23239 -0.0712781
-1.23604 -0.0677132
-1.23968 -0.0641415
-1.24332 -0.060563
-1.24695 -0.0569777
-1.25057 -0.0533855
-1.25418 -0.0497865
-1.25779 -0.0461806
-1.26139 -0.0425677
-1.26498 -0.0389479
-1.26857 -0.0353212
-1.27215 -0.0316875
-1.27572 -0.0280467
-1.27929 -0.0243989
-1.28285 -0.0207441
-1.2864 -0.0170822
-1.28994 -0.0134131
-1.29348 -0.00973696
-1.29701 -0.00605364
-1.30053 -0.00236314
-1.30404 0.00133455
-1.30755 0.00503947
-1.31105 0.00875163
-1.31454 0.0124711
-1.31802 0.0161978
-1.3215 0.0199318
-1.32496 0.0236732
-1.32842 0.027422
-1.33187 0.0311781
-1.33532 0.0349416
-1.33875 0.0387126
-1.34218 0.042491
-1.3456 0.0462769
-1.34901 0.0500703
-1.35241 0.0538712
-1.3558 0.0576796
-1.35919 0.0614956
-1.36256 0.0653192
-1.36593 0.0691504
-1.36929 0.0729893
-1.37264 0.0768358
-1.37598 0.0806899
-1.37931 0.0845518
-1.38264 0.0884213
-1.38595 0.0922987
-1.38926 0.0961837
-1.39255 0.100077
-1.39584 0.103977
-1.39912 0.107886
-1.40239 0.111802
-1.40564 0.115726
-1.40889 0.119658
-1.41213 0.123598
-1.41536 0.127546
-1.41858 0.131502
-1.42179 0.135466
-1.425 0.139438
-1.42819 0.143417
-1.43137 0.147405
-1.43454 0.151401
-1.4377 0.155405
-1.44085 0.159417
-1.44399 0.163437
-1.44712 0.167466
-1.45024 0.171502
-1.45334 0.175547
-1.45644 0.179599
-1.45953 0.18366
-1.4626 0.18773
-1.46567 0.191807
-1.46872 0.195893
-1.47177 0.199987
-1.4748 0.204089
-1.47782 0.208199
-1.48083 0.212318
-1.48383 0.216445
-1.48681 0.220581
-1.48979 0.224725
-1.49275 0.228877
-1.4957 0.233038
-1.49864 0.237207
-1.50157 0.241384
-1.50448 0.24557
-1.50738 0.249765
-1.51027 0.253968
-1.51315 0.258179
-1.51602 0.262399
-1.51887 0.266627
-1.52171 0.270864
-1.52454 0.27511
-1.52735 0.279364
-1.53016 0.283627
-1.53295 0.287898
-1.53572 0.292178
-1.53848 0.296466
-1.54123 0.300763
-1.54397 0.305068
-1.54669 0.309383
-1.5494 0.313706
-1.55209 0.318037
-1.55477 0.322377
-1.55744 0.326726
-1.56009 0.331083
-1.56273 0.33545
-1.56535 0.339824
-1.56796 0.344208
-1.57055 0.3486
-1.57313 0.353001
-1.5757 0.35741
-1.57825 0.361829
-1.58078 0.366256
-1.5833 0.370691
-1.5858 0.375136
-1.58829 0.379589
-1.59076 0.384051
-1.59322 0.388521
-1.59566 0.393
-1.59809 0.397488
-1.60049 0.401985
-1.60289 0.40649
-1.60526 0.411004
-1.60762 0.415526
-1.60997 0.420058
-1.61229 0.424598
-1.6146 0.429146
-1.61689 0.433704
-1.61917 0.438269
-1.62142 0.442844
-1.62366 0.447427
-1.62589 0.452019
-1.62809 0.456619
-1.63028 0.461228
-1.63244 0.465846
-1.63459 0.470472
-1.63672 0.475106
-1.63884 0.479749
-1.64093 0.484401
-1.64301 0.489061
-1.64506 0.493729
-1.6471 0.498406
-1.64912 0.503091
-1.65111 0.507785
-1.65309 0.512487
-1.65505 0.517197
-1.65699 0.521916
-1.65891 0.526642
-1.66081 0.531377
-1.66268 0.53612
-1.66454 0.540872
-1.66637 0.545631
-1.66819 0.550399
-1.66998 0.555174
-1.67176 0.559957
-1.67351 0.564749
-1.67523 0.569548
-1.67694 0.574355
-1.67863 0.57917
-1.68029 0.583993
-1.68193 0.588823
-1.68355 0.593661
-1.68514 0.598506
-1.68671 0.60336
-1.68826 0.60822
-1.68979 0.613088
-1.69129 0.617963
-1.69277 0.622845
-1.69422 0.627735
-1.69565 0.632632
-1.69706 0.637536
-1.69844 0.642446
-1.69979 0.647364
-1.70113 0.652288
-1.70243 0.657219
-1.70371 0.662157
-1.70497 0.667102
-1.7062 0.672052
-1.7074 0.677009
-1.70858 0.681973
-1.70973 0.686942
-1.71086 0.691918
-1.71196 0.6969
-1.71303 0.701887
-1.71407 0.70688
-1.71509 0.711879
-1.71608 0.716883
-1.71704 0.721893
-1.71798 0.726908
-1.71888 0.731928
-1.71976 0.736953
-1.72061 0.741984
-1.72143 0.747018
-1.72222 0.752058
-1.72299 0.757102
-1.72372 0.76215
-1.72442 0.767203
-1.7251 0.772259
-1.72574 0.77732
-1.72636 0.782384
-1.72694 0.787452
-1.72749 0.792523
-1.72802 0.797598
-1.72851 0.802675
-1.72897 0.807756
-1.7294 0.812839
-1.7298 0.817925
-1.73016 0.823013
-1.7305 0.828104
-1.7308 0.833196
-1.73107 0.838291
-1.73131 0.843386
-1.73151 0.848484
-1.73169 0.853582
-1.73182 0.858682
-1.73193 0.863782
-1.732 0.868883
-1.73204 0.873984
-1.73205 0.879086
-1.73202 0.884187
-1.73196 0.889288
-1.73186 0.894389
-1.73173 0.899489
-1.73157 0.904588
-1.73137 0.909685
-1.73113 0.914781
-1.73086 0.919875
-1.73056 0.924968
-1.73022 0.930058
-1.72984 0.935146
-1.72943 0.940231
-1.72898 0.945313
-1.7285 0.950391
-1.72798 0.955466
-1.72743 0.960538
-1.72684 0.965605
-1.72621 0.970668
-1.72554 0.975726
-1.72484 0.980779
-1.72411 0.985827
-1.72333 0.99087
-1.72252 0.995907
-1.72168 1.00094
-1.72079 1.00596
-1.71987 1.01098
-1.71891 1.01599
-1.71792 1.02099
-1.71689 1.02599
-1.71582 1.03098
-1.71471 1.03596
-1.71357 1.04093
-1.71239 1.04589
-1.71117 1.05085
-1.70991 1.05579
-1.70862 1.06073
-1.70729 1.06565
-1.70592 1.07057
-1.70451 1.07547
-1.70307 1.08036
-1.70159 1.08525
-1.70007 1.09012
-1.69851 1.09497
-1.69692 1.09982
-1.69529 1.10466
-1.69362 1.10948
-1.69192 1.11428
-1.69018 1.11908
-1.6884 1.12386
-1.68658 1.12863
-1.68473 1.13338
-1.68284 1.13812
-1.68091 1.14285
-1.67895 1.14755
-1.67695 1.15225
-1.67491 1.15693
-1.67284 1.16159
-1.67073 1.16623
-1.66859 1.17086
-1.66641 1.17547
-1.66419 1.18007
-1.66194 1.18465
-1.65965 1.18921
-1.65733 1.19375
-1.65497 1.19827
-1.65258 1.20278
-1.65015 1.20726
-1.64769 1.21173
-1.64519 1.21618
-1.64266 1.22061
-1.64009 1.22502
-1.63749 1.22941
-1.63486 1.23378
-1.63219 1.23813
-1.62949 1.24245
-1.62676 1.24676
-1.62399 1.25105
-1.62119 1.25531
-1.61836 1.25956
-1.61549 1.26378
-1.6126 1.26798
-1.60967 1.27215
-1.60671 1.27631
-1.60372 1.28044
-1.6007 1.28455
-1.59764 1.28864
-1.59456 1.2927
-1.59145 1.29675
-1.5883 1.30076
-1.58513 1.30476
-1.58192 1.30873
-1.57869 1.31268
-1.57543 1.3166
-1.57214 1.3205
-1.56882 1.32437
-1.56547 1.32822
-1.5621 1.33205
-1.5587 1.33585
-1.55527 1.33962
-1.55181 1.34337
-1.54832 1.3471
-1.54481 1.3508
-1.54127 1.35448
-1.53771 1.35813
-1.53412 1.36175
-1.53051 1.36535
-1.52687 1.36893
-1.5232 1.37248
-1.51951 1.376
-1.5158 1.3795
-1.51206 1.38297
-1.5083 1.38641
-1.50451 1.38983
-1.5007 1.39323
-1.49687 1.39659
-1.49302 1.39993
-1.48914 1.40325
-1.48524 1.40654
-1.48132 1.4098
-1.47737 1.41304
-1.47341 1.41625
-1.46942 1.41943
-1.46542 1.42259
-1.46139 1.42572
-1.45734 1.42883
-1.45327 1.4319
-1.44918 1.43496
-1.44508 1.43798
-1.44095 1.44098
-1.4368 1.44395
-1.43264 1.4469
-1.42846 1.44982
-1.42425 1.45271
-1.42003 1.45558
-1.4158 1.45842
-1.41154 1.46123
-1.40727 1.46402
-1.40298 1.46678
-1.39867 1.46952
-1.39435 1.47223
-1.39001 1.47491
-1.38566 1.47757
-1.38129 1.4802
-1.3769 1.4828
-1.3725 1.48538
-1.36808 1.48793
-1.36365 1.49045
-1.3592 1.49295
-1.35474 1.49543
-1.35026 1.49787
-1.34577 1.50029
-1.34127 1.50269
-1.33675 1.50506
-1.33222 1.5074
-1.32767 1.50972
-1.32312 1.51201
-1.31855 1.51428
-1.31396 1.51652
-1.30937 1.51873
-1.30476 1.52092
-1.30014 1.52309
-1.29551 1.52523
-1.29087 1.52734
-1.28621 1.52943
-1.28154 1.53149
-1.27687 1.53353
-1.27218 1.53554
-1.26748 1.53752
-1.26277 1.53949
-1.25805 1.54142
-1.25332 1.54333
-1.24858 1.54522
-1.24384 1.54708
-1.23908 1.54892
-1.23431 1.55073
-1.22953 1.55252
-1.22474 1.55429
-1.21995 1.55602
-1.21514 1.55774
-1.21033 1.55943
-1.20551 1.56109
-1.20068 1.56274
-1.19584 1.56435
-1.19099 1.56594
-1.18614 1.56751
-1.18128 1.56906
-1.17641 1.57058
-1.17153 1.57208
-1.16665 1.57355
-1.16176 1.575
-1.15686 1.57642
-1.15195 1.57782
-1.14704 1.5792
-1.14212 1.58056
-1.1372 1.58189
-1.13227 1.5832
-1.12733 1.58448
-1.12239 1.58574
-1.11744 1.58698
-1.11248 1.58819
-1.10752 1.58938
-1.10256 1.59055
-1.09759 1.5917
-1.09261 1.59282
-1.08763 1.59392
-1.08264 1.595
-1.07765 1.59605
-1.07266 1.59708
-1.06766 1.59809
-1.06265 1.59907
-1.05764 1.60004
-1.05263 1.60098
-1.04761 1.6019
-1.04259 1.60279
-1.03756 1.60367
-1.03253 1.60452
-1.0275 1.60535
-1.02246 1.60615
-1.01742 1.60694
-1.01238 1.6077
-1.00733 1.60844
-1.00228 1.60916
-0.997227 1.60986
-0.99217 1.61053
-0.987111 1.61118
-0.982049 1.61181
-0.976984 1.61242
-0.971917 1.61301
-0.966847 1.61358
-0.961775 1.61412
-0.956701 1.61465
-0.951624 1.61515
-0.946546 1.61563
-0.941465 1.61609
-0.936383 1.61652
-0.931299 1.61694
-0.926213 1.61733
-0.921125 1.61771
-0.916036 1.61806
-0.910946 1.61839
-0.905854 1.6187
-0.900761 1.61899
-0.895667 1.61926
-0.890572 1.61951
-0.885476 1.61973
-0.880378 1.61994
-0.875281 1.62012
-0.870182 1.62029
-0.865083 1.62043
-0.859983 1.62055
-0.854883 1.62065
-0.849782 1.62073
-0.844681 1.62079
-0.83958 1.62083
-0.834479 1.62085
-0.829378 1.62085
-0.824277 1.62083
-0.819176 1.62078
-0.814075 1.62072
-0.808974 1.62063
-0.803874 1.62053
-0.798775 1.62041
-0.793676 1.62026
-0.788577 1.6201
-0.783479 1.61991
-0.778382 1.6197
-0.773286 1.61948
-0.768191 1.61923
-0.763096 1.61896
-0.758003 1.61868
-0.752911 1.61837
-0.747821 1.61804
-0.742731 1.61769
-0.737643 1.61732
-0.732557 1.61694
-0.727472 1.61653
-0.722389 1.6161
-0.717307 1.61565
-0.712228 1.61518
-0.70715 1.61469
-0.702074 1.61419
-0.697 1.61366
-0.691929 1.61311
-0.686859 1.61254
-0.681792 1.61195
-0.676728 1.61134
-0.671665 1.61071
-0.666605 1.61006
-0.661548 1.60939
-0.656494 1.60871
-0.651442 1.608
-0.646393 1.60727
-0.641347 1.60652
-0.636304 1.60575
-0.631264 1.60496
-0.626228 1.60415
-0.621194 1.60332
-0.616164 1.60247
-0.611138 1.6016
-0.606114 1.60071
-0.601095 1.5998
-0.596079 1.59887
-0.591067 1.59792
-0.586059 1.59696
-0.581054 1.59597
-0.576054 1.59496
-0.571058 1.59393
-0.566066 1.59288
-0.561078 1.5918
-0.556095 1.59071
-0.551116 1.5896
-0.546141 1.58847
-0.541172 1.58732
-0.536207 1.58615
-0.531247 1.58496
-0.526291 1.58374
-0.521341 1.58251
-0.516396 1.58126
-0.511456 1.57998
-0.506522 1.57869
-0.501593 1.57738
-0.496669 1.57604
-0.491751 1.57468
-0.486839 1.57331
-0.481933 1.57191
-0.477032 1.57049
-0.472138 1.56905
-0.46725 1.5676
-0.462368 1.56612
-0.457492 1.56461
-0.452623 1.56309
-0.447761 1.56155
-0.442905 1.55998
-0.438057 1.5584
-0.433215 1.55679
-0.42838 1.55516
-0.423552 1.55352
-0.418732 1.55185
-0.413919 1.55015
-0.409114 1.54844
-0.404316 1.54671
-0.399526 1.54495
-0.394744 1.54317
-0.38997 1.54137
-0.385204 1.53955
-0.380447 1.53771
-0.375699 1.53584
-0.370959 1.53395
-0.366229 1.53204
-0.361507 1.53011
-0.356795 1.52815
-0.352093 1.52618
-0.3474 1.52417
-0.342717 1.52215
-0.338044 1.52011
-0.333382 1.51804
-0.32873 1.51594
-0.324088 1.51383
-0.319458 1.51169
-0.314838 1.50953
-0.310229 1.50734
-0.30563 1.50513
-0.301044 1.5029
-0.296468 1.50064
-0.291904 1.49836
-0.287352 1.49606
-0.282811 1.49373
-0.278282 1.49138
-0.273765 1.489
-0.26926 1.4866
-0.264768 1.48417
-0.260288 1.48172
-0.255823 1.47925
-0.251371 1.47674
-0.246935 1.47422
-0.242514 1.47166
-0.238109 1.46908
-0.23372 1.46648
-0.229349 1.46384
-0.224996 1.46118
-0.220661 1.45849
-0.216346 1.45578
-0.21205 1.45303
-0.207775 1.45026
-0.20352 1.44746
-0.199287 1.44463
-0.195075 1.44177
-0.190884 1.43888
-0.186712 1.43596
-0.182561 1.43301
-0.178429 1.43004
-0.174316 1.42703
-0.170222 1.424
-0.166145 1.42094
-0.162087 1.41785
-0.158045 1.41473
-0.15402 1.41159
-0.150012 1.40841
-0.146019 1.40521
-0.142042 1.40198
-0.13808 1.39872
-0.134133 1.39543
-0.130202 1.39211
-0.126291 1.38876
-0.122404 1.38539
-0.118545 1.38197
-0.114718 1.37853
-0.110927 1.37505
-0.107176 1.37153
-0.103469 1.36797
-0.0998102 1.36437
-0.0962029 1.36073
-0.0926514 1.35705
-0.0891596 1.35332
-0.0857316 1.34955
-0.0823713 1.34573
-0.0790826 1.34186
-0.0758696 1.33795
-0.0727362 1.33398
-0.0696863 1.32995
-0.0667239 1.32588
-0.0638499 1.32175
-0.0610623 1.31756
-0.0583584 1.31333
-0.0557358 1.30905
-0.053192 1.30471
-0.0507246 1.30034
-0.0483312 1.29591
-0.0460092 1.29144
-0.0437562 1.28693
-0.0415697 1.28238
-0.0394473 1.27779
-0.0373865 1.27316
-0.0353848 1.2685
-0.0334398 1.2638
-0.0315489 1.25907
-0.0297099 1.2543
-0.0279201 1.24951
-0.0261771 1.24469
-0.0244785 1.23984
-0.0228217 1.23496
-0.0212044 1.23006
-0.0196241 1.22514
-0.0180782 1.2202
-0.0165644 1.21524
-0.0150801 1.21025
-0.013623 1.20526
-0.0121905 1.20024
-0.0107801 1.19522
-0.00938948 1.19018
-0.00801609 1.18513
-0.00665749 1.18007
-0.00531121 1.17501
-0.00397478 1.16994
-0.00264575 1.16486
-0.00132164 1.15978
-5.68434e-14 1.1547
