8.67362e-17 1.1547
0.00264575 1.16486
0.00531121 1.17501
0.00801609 1.18513
0.0107801 1.19522
0.013623 1.20526
0.0165644 1.21524
0.0196241 1.22514
0.0228217 1.23496
0.0261771 1.24469
0.0297099 1.2543
0.0334397 1.2638
0.0373865 1.27316
0.0415697 1.28238
0.0460092 1.29144
0.0507246 1.30034
0.0557358 1.30905
0.0610623 1.31756
0.0667239 1.32588
0.0727362 1.33398
0.0790826 1.34186
0.0857316 1.34955
0.0926514 1.35705
0.0998102 1.36437
0.107176 1.37153
0.114718 1.37853
0.122404 1.38539
0.130202 1.39211
0.13808 1.39872
0.146019 1.40521
0.15402 1.41159
0.162087 1.41785
0.170222 1.424
0.178429 1.43004
0.186712 1.43596
0.195075 1.44177
0.20352 1.44746
0.21205 1.45303
0.220661 1.45849
0.229349 1.46384
0.238109 1.46908
0.246935 1.47422
0.255823 1.47925
0.264768 1.48417
0.273765 1.489
0.282811 1.49373
0.291904 1.49836
0.301044 1.5029
0.310229 1.50734
0.319458 1.51169
0.32873 1.51594
0.338044 1.52011
0.3474 1.52417
0.356795 1.52815
0.366229 1.53204
0.375699 1.53584
0.385204 1.53955
0.394744 1.54317
0.404316 1.54671
0.413919 1.55015
0.423552 1.55352
0.433215 1.55679
0.442905 1.55998
0.452623 1.56309
0.462368 1.56612
0.472138 1.56905
0.481933 1.57191
0.491751 1.57468
0.501593 1.57738
0.511456 1.57998
0.521341 1.58251
0.531247 1.58496
0.541172 1.58732
0.551116 1.5896
0.561078 1.5918
0.571058 1.59393
0.581054 1.59597
0.591067 1.59792
0.601095 1.5998
0.611137 1.6016
0.621194 1.60332
0.631264 1.60496
0.641347 1.60652
0.651442 1.608
0.661548 1.60939
0.671665 1.61071
0.681792 1.61195
0.691929 1.61311
0.702074 1.61419
0.712228 1.61518
0.722389 1.6161
0.732557 1.61694
0.742731 1.61769
0.752911 1.61837
0.763096 1.61896
0.773286 1.61948
0.783479 1.61991
0.793675 1.62026
0.803874 1.62053
0.814075 1.62072
0.824277 1.62083
0.834479 1.62085
0.844681 1.62079
0.854883 1.62065
0.865083 1.62043
0.875281 1.62012
0.885475 1.61973
0.895667 1.61926
0.905854 1.6187
0.916036 1.61806
0.926213 1.61733
0.936383 1.61652
0.946546 1.61563
0.956701 1.61465
0.966847 1.61358
0.976984 1.61242
0.987111 1.61118
0.997227 1.60986
1.00733 1.60844
1.01742 1.60694
1.0275 1.60535
1.03756 1.60367
1.04761 1.6019
1.05764 1.60004
1.06766 1.59809
1.07765 1.59605
1.08763 1.59392
1.09759 1.5917
1.10752 1.58938
1.11744 1.58698
1.12733 1.58448
1.1372 1.58189
1.14704 1.5792
1.15686 1.57642
1.16665 1.57355
1.17641 1.57058
1.18614 1.56751
1.19584 1.56435
1.20551 1.56109
1.21514 1.55774
1.22474 1.55429
1.23431 1.55073
1.24384 1.54708
1.25332 1.54333
1.26277 1.53949
1.27218 1.53554
1.28154 1.53149
1.29087 1.52734
1.30014 1.52309
1.30937 1.51873
1.31855 1.51428
1.32767 1.50972
1.33675 1.50506
1.34577 1.50029
1.35474 1.49543
1.36365 1.49045
1.3725 1.48538
1.38129 1.4802
1.39001 1.47491
1.39867 1.46952
1.40727 1.46402
1.4158 1.45842
1.42425 1.45271
1.43264 1.4469
1.44095 1.44098
1.44918 1.43496
1.45734 1.42883
1.46542 1.42259
1.47341 1.41625
1.48132 1.4098
1.48914 1.40325
1.49687 1.39659
1.50451 1.38983
1.51206 1.38297
1.51951 1.376
1.52687 1.36893
1.53412 1.36175
1.54127 1.35448
1.54832 1.3471
1.55527 1.33962
1.5621 1.33205
1.56882 1.32437
1.57543 1.3166
1.58192 1.30873
1.5883 1.30076
1.59456 1.2927
1.6007 1.28455
1.60671 1.27631
1.6126 1.26798
1.61836 1.25956
1.62399 1.25105
1.62949 1.24245
1.63486 1.23378
1.64009 1.22502
1.64519 1.21618
1.65015 1.20726
1.65497 1.19827
1.65965 1.18921
1.66419 1.18007
1.66859 1.17086
1.67284 1.16159
1.67695 1.15225
1.68091 1.14285
1.68473 1.13338
1.6884 1.12386
1.69192 1.11428
1.69529 1.10466
1.69851 1.09497
1.70159 1.08525
1.70451 1.07547
1.70729 1.06565
1.70991 1.05579
1.71239 1.04589
1.71471 1.03596
1.71689 1.02599
1.71891 1.01599
1.72079 1.00596
1.72252 0.995907
1.72411 0.985827
1.72554 0.975726
1.72684 0.965605
1.72798 0.955466
1.72898 0.945313
1.72984 0.935146
1.73056 0.924968
1.73113 0.914781
1.73157 0.904588
1.73186 0.894389
1.73202 0.884187
1.73204 0.873984
1.73193 0.863782
1.73169 0.853582
1.73131 0.843386
1.7308 0.833196
1.73016 0.823013
1.7294 0.812839
1.72851 0.802675
1.72749 0.792523
1.72636 0.782384
1.7251 0.772259
1.72372 0.76215
1.72222 0.752058
1.72061 0.741984
1.71888 0.731928
1.71704 0.721893
1.71509 0.711879
1.71303 0.701887
1.71086 0.691918
1.70858 0.681973
1.7062 0.672052
1.70371 0.662157
1.70113 0.652288
1.69844 0.642446
1.69565 0.632632
1.69277 0.622845
1.68979 0.613088
1.68671 0.60336
1.68355 0.593661
1.68029 0.583993
1.67694 0.574355
1.67351 0.564749
1.66998 0.555174
1.66637 0.545631
1.66268 0.53612
1.65891 0.526642
1.65505 0.517197
1.65111 0.507785
1.6471 0.498406
1.64301 0.489061
1.63884 0.479749
1.63459 0.470472
1.63028 0.461228
1.62589 0.452019
1.62142 0.442844
1.61689 0.433704
1.61229 0.424598
1.60762 0.415526
1.60289 0.40649
1.59809 0.397488
1.59322 0.388521
1.58829 0.379589
1.5833 0.370691
1.57825 0.361829
1.57313 0.353001
1.56796 0.344208
1.56273 0.33545
1.55744 0.326726
1.55209 0.318037
1.54669 0.309383
1.54123 0.300763
1.53572 0.292178
1.53016 0.283627
1.52454 0.27511
1.51887 0.266627
1.51315 0.258179
1.50738 0.249765
1.50157 0.241384
1.4957 0.233038
1.48979 0.224725
1.48383 0.216445
1.47782 0.208199
1.47177 0.199987
1.46567 0.191807
1.45953 0.18366
1.45334 0.175547
1.44712 0.167466
1.44085 0.159417
1.43454 0.151401
1.42819 0.143417
1.42179 0.135466
1.41536 0.127546
1.40889 0.119658
1.40239 0.111802
1.39584 0.103977
1.38926 0.0961837
1.38264 0.0884213
1.37598 0.0806899
1.36929 0.0729893
1.36256 0.0653192
1.3558 0.0576796
1.34901 0.0500703
1.34218 0.042491
1.33532 0.0349416
1.32842 0.027422
1.3215 0.0199318
1.31454 0.0124711
1.30755 0.00503947
1.30053 -0.00236314
1.29348 -0.00973695
1.2864 -0.0170822
1.27929 -0.0243989
1.27215 -0.0316875
1.26498 -0.0389479
1.25779 -0.0461806
1.25057 -0.0533855
1.24332 -0.060563
1.23604 -0.0677132
1.22874 -0.0748363
1.22141 -0.0819325
1.21405 -0.0890019
1.20667 -0.0960449
1.19927 -0.103062
1.19184 -0.110052
1.18438 -0.117017
1.1769 -0.123956
1.1694 -0.130869
1.16188 -0.137757
1.15433 -0.14462
1.14676 -0.151458
1.13917 -0.158271
1.13155 -0.16506
1.12391 -0.171824
1.11626 -0.178564
1.10858 -0.185281
1.10088 -0.191973
1.09316 -0.198642
1.08542 -0.205288
1.07766 -0.211911
1.06988 -0.218511
1.06208 -0.225088
1.05426 -0.231643
1.04643 -0.238175
1.03857 -0.244686
1.0307 -0.251175
1.02281 -0.257642
1.0149 -0.264088
1.00698 -0.270512
0.999039 -0.276916
0.991081 -0.283299
0.983106 -0.289661
0.975116 -0.296004
0.967109 -0.302326
0.959087 -0.308629
0.95105 -0.314912
0.942998 -0.321175
0.934931 -0.32742
0.926849 -0.333646
0.918754 -0.339853
0.910644 -0.346042
0.90252 -0.352213
0.894383 -0.358366
0.886232 -0.364501
0.878069 -0.370619
0.869893 -0.37672
0.861704 -0.382804
0.853503 -0.388872
0.84529 -0.394923
0.837066 -0.400959
0.82883 -0.406979
0.820582 -0.412983
0.812324 -0.418972
0.804055 -0.424947
0.795775 -0.430906
0.787485 -0.436852
0.779186 -0.442784
0.770876 -0.448702
0.762557 -0.454606
0.754229 -0.460498
0.745892 -0.466377
0.737546 -0.472244
0.729192 -0.478099
0.72083 -0.483942
0.712459 -0.489774
0.704082 -0.495595
0.695697 -0.501405
0.687304 -0.507206
0.678906 -0.512996
0.6705 -0.518777
0.662089 -0.524549
0.653671 -0.530313
0.645248 -0.536068
0.63682 -0.541815
0.628386 -0.547555
0.619948 -0.553289
0.611506 -0.559016
0.60306 -0.564737
0.59461 -0.570452
0.586156 -0.576163
0.5777 -0.581869
0.569241 -0.587571
0.56078 -0.59327
0.552317 -0.598966
0.543852 -0.60466
0.535386 -0.610352
0.526919 -0.616043
0.518452 -0.621733
0.509985 -0.627423
0.501519 -0.633114
0.493054 -0.638807
0.48459 -0.644503
0.476129 -0.650201
0.467669 -0.655904
0.459213 -0.66161
0.450761 -0.667323
0.442312 -0.673041
0.433868 -0.678766
0.425429 -0.684498
0.416996 -0.690238
0.40857 -0.695987
0.40015 -0.701745
0.391738 -0.707514
0.383334 -0.713296
0.37494 -0.719092
0.366557 -0.724904
0.358185 -0.730734
0.349827 -0.736584
0.341481 -0.742456
0.333151 -0.748351
0.324836 -0.754271
0.316537 -0.760213
0.308255 -0.766178
0.299991 -0.772163
0.291745 -0.77817
0.283518 -0.784196
0.275311 -0.79024
0.267124 -0.796303
0.25896 -0.802388
0.250823 -0.808508
0.242717 -0.814672
0.234646 -0.820892
0.226615 -0.827179
0.218627 -0.833544
0.210687 -0.839999
0.202799 -0.846554
0.194965 -0.853212
0.187184 -0.859951
0.179451 -0.866743
0.171764 -0.873562
0.164119 -0.880381
0.156513 -0.887173
0.148943 -0.89391
0.141406 -0.900566
0.133897 -0.907114
0.126426 -0.91357
0.119021 -0.920026
0.111713 -0.926584
0.104531 -0.933347
0.0975087 -0.940416
0.090675 -0.947893
0.0840613 -0.955879
0.0776983 -0.964477
0.0716169 -0.973787
0.0658474 -0.98391
0.0604006 -0.994842
0.0552604 -1.00644
0.0504089 -1.01854
0.0458278 -1.03099
0.0414993 -1.04363
0.0374052 -1.05632
0.0335276 -1.06888
0.0298484 -1.08118
0.0263495 -1.09304
0.023013 -1.10432
0.0198207 -1.11485
0.0167547 -1.12449
0.0137969 -1.13307
0.0109293 -1.14044
0.00813387 -1.14644
0.00539252 -1.15093
0.00268724 -1.15373
1.68103e-09 -1.1547
-0.00268724 -1.15373
-0.00539251 -1.15093
-0.00813386 -1.14644
-0.0109293 -1.14044
-0.0137969 -1.13307
-0.0167547 -1.12449
-0.0198207 -1.11485
-0.023013 -1.10432
-0.0263495 -1.09304
-0.0298484 -1.08118
-0.0335276 -1.06888
-0.0374052 -1.05632
-0.0414993 -1.04363
-0.0458278 -1.03099
-0.0504089 -1.01854
-0.0552604 -1.00644
-0.0604006 -0.994842
-0.0658474 -0.98391
-0.0716169 -0.973787
-0.0776983 -0.964477
-0.0840613 -0.955879
-0.090675 -0.947893
-0.0975087 -0.940416
-0.104531 -0.933347
-0.111713 -0.926584
-0.119021 -0.920026
-0.126426 -0.91357
-0.133897 -0.907114
-0.141406 -0.900566
-0.148943 -0.89391
-0.156513 -0.887173
-0.164119 -0.880381
-0.171764 -0.873562
-0.179451 -0.866743
-0.187184 -0.859951
-0.194965 -0.853212
-0.202799 -0.846554
-0.210687 -0.839999
-0.218627 -0.833544
-0.226615 -0.827179
-0.234646 -0.820892
-0.242717 -0.814672
-0.250823 -0.808508
-0.25896 -0.802388
-0.267124 -0.796303
-0.275311 -0.79024
-0.283518 -0.784196
-0.291745 -0.77817
-0.299991 -0.772163
-0.308255 -0.766178
-0.316537 -0.760213
-0.324836 -0.754271
-0.333151 -0.748351
-0.341481 -0.742456
-0.349827 -0.736584
-0.358185 -0.730734
-0.366557 -0.724904
-0.37494 -0.719092
-0.383334 -0.713296
-0.391738 -0.707514
-0.40015 -0.701745
-0.408569 -0.695987
-0.416996 -0.690238
-0.425429 -0.684498
-0.433868 -0.678766
-0.442312 -0.673041
-0.450761 -0.667323
-0.459213 -0.661611
-0.467669 -0.655904
-0.476129 -0.650201
-0.48459 -0.644503
-0.493054 -0.638807
-0.501519 -0.633114
-0.509985 -0.627423
-0.518452 -0.621733
-0.526919 -0.616043
-0.535386 -0.610352
-0.543852 -0.60466
-0.552317 -0.598966
-0.56078 -0.59327
-0.569241 -0.587571
-0.5777 -0.581869
-0.586156 -0.576163
-0.59461 -0.570452
-0.60306 -0.564737
-0.611506 -0.559016
-0.619948 -0.553289
-0.628386 -0.547555
-0.63682 -0.541815
-0.645248 -0.536068
-0.653671 -0.530313
-0.662089 -0.524549
-0.6705 -0.518777
-0.678906 -0.512996
-0.687304 -0.507206
-0.695697 -0.501405
-0.704082 -0.495595
-0.712459 -0.489774
-0.72083 -0.483942
-0.729192 -0.478099
-0.737546 -0.472244
-0.745892 -0.466377
-0.754229 -0.460498
-0.762557 -0.454606
-0.770876 -0.448702
-0.779186 -0.442784
-0.787485 -0.436852
-0.795775 -0.430906
-0.804055 -0.424947
-0.812324 -0.418972
-0.820582 -0.412983
-0.82883 -0.406979
-0.837066 -0.400959
-0.84529 -0.394923
-0.853503 -0.388872
-0.861704 -0.382804
-0.869893 -0.37672
-0.878069 -0.370619
-0.886232 -0.364501
-0.894383 -0.358366
-0.90252 -0.352213
-0.910644 -0.346042
-0.918753 -0.339853
-0.926849 -0.333646
-0.934931 -0.32742
-0.942998 -0.321175
-0.95105 -0.314912
-0.959087 -0.308629
-0.967109 -0.302326
-0.975116 -0.296004
-0.983106 -0.289661
-0.99108 -0.283299
-0.999039 -0.276916
-1.00698 -0.270512
-1.0149 -0.264088
-1.02281 -0.257642
-1.0307 -0.251175
-1.03857 -0.244686
-1.04643 -0.238175
-1.05426 -0.231643
-1.06208 -0.225088
-1.06988 -0.218511
-1.07766 -0.211911
-1.08542 -0.205288
-1.09316 -0.198642
-1.10088 -0.191973
-1.10858 -0.185281
-1.11626 -0.178564
-1.12391 -0.171824
-1.13155 -0.16506
-1.13917 -0.158271
-1.14676 -0.151458
-1.15433 -0.14462
-1.16188 -0.137757
-1.1694 -0.130869
-1.1769 -0.123956
-1.18438 -0.117017
-1.19184 -0.110052
-1.19927 -0.103062
-1.20667 -0.0960449
-1.21405 -0.0890019
-1.22141 -0.0819325
-1.22874 -0.0748363
-1.23604 -0.0677132
-1.24332 -0.060563
-1.25057 -0.0533855
-1.25779 -0.0461806
-1.26498 -0.038948
-1.27215 -0.0316875
-1.27929 -0.0243989
-1.2864 -0.0170822
-1.29348 -0.00973696
-1.30053 -0.00236315
-1.30755 0.00503946
-1.31454 0.0124711
-1.3215 0.0199318
-1.32842 0.027422
-1.33532 0.0349416
-1.34218 0.042491
-1.34901 0.0500703
-1.3558 0.0576796
-1.36256 0.0653192
-1.36929 0.0729893
-1.37598 0.0806899
-1.38264 0.0884213
-1.38926 0.0961837
-1.39584 0.103977
-1.40239 0.111802
-1.40889 0.119658
-1.41536 0.127546
-1.42179 0.135466
-1.42819 0.143417
-1.43454 0.151401
-1.44085 0.159417
-1.44712 0.167466
-1.45334 0.175547
-1.45953 0.18366
-1.46567 0.191807
-1.47177 0.199987
-1.47782 0.208199
-1.48383 0.216445
-1.48979 0.224725
-1.4957 0.233038
-1.50157 0.241384
-1.50738 0.249765
-1.51315 0.258179
-1.51887 0.266627
-1.52454 0.27511
-1.53016 0.283627
-1.53572 0.292178
-1.54123 0.300763
-1.54669 0.309383
-1.55209 0.318037
-1.55744 0.326726
-1.56273 0.33545
-1.56796 0.344208
-1.57313 0.353001
-1.57825 0.361829
-1.5833 0.370691
-1.58829 0.379589
-1.59322 0.388521
-1.59809 0.397488
-1.60289 0.40649
-1.60762 0.415526
-1.61229 0.424598
-1.61689 0.433704
-1.62142 0.442844
-1.62589 0.452019
-1.63028 0.461228
-1.63459 0.470472
-1.63884 0.479749
-1.64301 0.489061
-1.6471 0.498406
-1.65111 0.507785
-1.65505 0.517197
-1.65891 0.526642
-1.66268 0.53612
-1.66637 0.545631
-1.66998 0.555174
-1.67351 0.564749
-1.67694 0.574355
-1.68029 0.583993
-1.68355 0.593661
-1.68671 0.60336
-1.68979 0.613088
-1.69277 0.622845
-1.69565 0.632632
-1.69844 0.642446
-1.70113 0.652288
-1.70371 0.662157
-1.7062 0.672052
-1.70858 0.681973
-1.71086 0.691918
-1.71303 0.701887
-1.71509 0.711879
-1.71704 0.721893
-1.71888 0.731928
-1.72061 0.741984
-1.72222 0.752058
-1.72372 0.76215
-1.7251 0.772259
-1.72636 0.782384
-1.72749 0.792523
-1.72851 0.802675
-1.7294 0.812839
-1.73016 0.823013
-1.7308 0.833196
-1.73131 0.843386
-1.73169 0.853582
-1.73193 0.863782
-1.73204 0.873984
-1.73202 0.884187
-1.73186 0.894389
-1.73157 0.904588
-1.73113 0.914781
-1.73056 0.924968
-1.72984 0.935146
-1.72898 0.945313
-1.72798 0.955466
-1.72684 0.965605
-1.72554 0.975726
-1.72411 0.985827
-1.72252 0.995907
-1.72079 1.00596
-1.71891 1.01599
-1.71689 1.02599
-1.71471 1.03596
-1.71239 1.04589
-1.70991 1.05579
-1.70729 1.06565
-1.70451 1.07547
-1.70159 1.08525
-1.69851 1.09497
-1.69529 1.10466
-1.69192 1.11428
-1.6884 1.12386
-1.68473 1.13338
-1.68091 1.14285
-1.67695 1.15225
-1.67284 1.16159
-1.66859 1.17086
-1.66419 1.18007
-1.65965 1.18921
-1.65497 1.19827
-1.65015 1.20726
-1.64519 1.21618
-1.64009 1.22502
-1.63486 1.23378
-1.62949 1.24245
-1.62399 1.25105
-1.61836 1.25956
-1.6126 1.26798
-1.60671 1.27631
-1.6007 1.28455
-1.59456 1.2927
-1.5883 1.30076
-1.58192 1.30873
-1.57543 1.3166
-1.56882 1.32437
-1.5621 1.33205
-1.55527 1.33962
-1.54832 1.3471
-1.54127 1.35448
-1.53412 1.36175
-1.52687 1.36893
-1.51951 1.376
-1.51206 1.38297
-1.50451 1.38983
-1.49687 1.39659
-1.48914 1.40325
-1.48132 1.4098
-1.47341 1.41625
-1.46542 1.42259
-1.45734 1.42883
-1.44918 1.43496
-1.44095 1.44098
-1.43264 1.4469
-1.42425 1.45271
-1.4158 1.45842
-1.40727 1.46402
-1.39867 1.46952
-1.39001 1.47491
-1.38129 1.4802
-1.3725 1.48538
-1.36365 1.49045
-1.35474 1.49543
-1.34577 1.50029
-1.33675 1.50506
-1.32767 1.50972
-1.31855 1.51428
-1.30937 1.51873
-1.30014 1.52309
-1.29087 1.52734
-1.28154 1.53149
-1.27218 1.53554
-1.26277 1.53949
-1.25332 1.54333
-1.24384 1.54708
-1.23431 1.55073
-1.22474 1.55429
-1.21514 1.55774
-1.20551 1.56109
-1.19584 1.56435
-1.18614 1.56751
-1.17641 1.57058
-1.16665 1.57355
-1.15686 1.57642
-1.14704 1.5792
-1.1372 1.58189
-1.12733 1.58448
-1.11744 1.58698
-1.10752 1.58938
-1.09759 1.5917
-1.08763 1.59392
-1.07765 1.59605
-1.06766 1.59809
-1.05764 1.60004
-1.04761 1.6019
-1.03756 1.60367
-1.0275 1.60535
-1.01742 1.60694
-1.00733 1.60844
-0.997227 1.60986
-0.987111 1.61118
-0.976984 1.61242
-0.966847 1.61358
-0.956701 1.61465
-0.946546 1.61563
-0.936383 1.61652
-0.926213 1.61733
-0.916036 1.61806
-0.905854 1.6187
-0.895667 1.61926
-0.885476 1.61973
-0.875281 1.62012
-0.865083 1.62043
-0.854883 1.62065
-0.844681 1.62079
-0.834479 1.62085
-0.824277 1.62083
-0.814075 1.62072
-0.803874 1.62053
-0.793676 1.62026
-0.783479 1.61991
-0.773286 1.61948
-0.763096 1.61896
-0.752911 1.61837
-0.742731 1.61769
-0.732557 1.61694
-0.722389 1.6161
-0.712228 1.61518
-0.702074 1.61419
-0.691929 1.61311
-0.681792 1.61195
-0.671665 1.61071
-0.661548 1.60939
-0.651442 1.608
-0.641347 1.60652
-0.631264 1.60496
-0.621194 1.60332
-0.611138 1.6016
-0.601095 1.5998
-0.591067 1.59792
-0.581054 1.59597
-0.571058 1.59393
-0.561078 1.5918
-0.551116 1.5896
-0.541172 1.58732
-0.531247 1.58496
-0.521341 1.58251
-0.511456 1.57998
-0.501593 1.57738
-0.491751 1.57468
-0.481933 1.57191
-0.472138 1.56905
-0.462368 1.56612
-0.452623 1.56309
-0.442905 1.55998
-0.433215 1.55679
-0.423552 1.55352
-0.413919 1.55015
-0.404316 1.54671
-0.394744 1.54317
-0.385204 1.53955
-0.375699 1.53584
-0.366229 1.53204
-0.356795 1.52815
-0.3474 1.52417
-0.338044 1.52011
-0.32873 1.51594
-0.319458 1.51169
-0.310229 1.50734
-0.301044 1.5029
-0.291904 1.49836
-0.282811 1.49373
-0.273765 1.489
-0.264768 1.48417
-0.255823 1.47925
-0.246935 1.47422
-0.238109 1.46908
-0.229349 1.46384
-0.220661 1.45849
-0.21205 1.45303
-0.20352 1.44746
-0.195075 1.44177
-0.186712 1.43596
-0.178429 1.43004
-0.170222 1.424
-0.162087 1.41785
-0.15402 1.41159
-0.146019 1.40521
-0.13808 1.39872
-0.130202 1.39211
-0.122404 1.38539
-0.114718 1.37853
-0.107176 1.37153
-0.0998102 1.36437
-0.0926514 1.35705
-0.0857316 1.34955
-0.0790826 1.34186
-0.0727362 1.33398
-0.0667239 1.32588
-0.0610623 1.31756
-0.0557358 1.30905
-0.0507246 1.30034
-0.0460092 1.29144
-0.0415697 1.28238
-0.0373865 1.27316
-0.0334398 1.2638
-0.0297099 1.2543
-0.0261771 1.24469
-0.0228217 1.23496
-0.0196241 1.22514
-0.0165644 1.21524
-0.013623 1.20526
-0.0107801 1.19522
-0.00801609 1.18513
-0.00531121 1.17501
-0.00264575 1.16486
-3.63798e-12 1.1547
