1.66533e-16 1.1547
0.00272693 1.15924
0.00545425 1.16378
0.00818236 1.16832
0.0109117 1.17286
0.0136425 1.1774
0.0163754 1.18193
0.0191106 1.18646
0.0218486 1.19099
0.0245897 1.19551
0.0273344 1.20003
0.0300831 1.20454
0.0328361 1.20905
0.0355938 1.21355
0.0383566 1.21804
0.041125 1.22253
0.0438993 1.22701
0.04668 1.23148
0.0494673 1.23594
0.0522618 1.2404
0.0550637 1.24484
0.0578736 1.24928
0.0606917 1.2537
0.0635185 1.25811
0.0663544 1.26251
0.0691998 1.2669
0.0720551 1.27127
0.0749206 1.27563
0.0777968 1.27998
0.080684 1.28431
0.0835827 1.28863
0.0864933 1.29294
0.089416 1.29722
0.0923515 1.30149
0.0952999 1.30575
0.0982618 1.30998
0.101237 1.3142
0.104227 1.3184
0.107232 1.32258
0.110251 1.32675
0.113286 1.33089
0.116337 1.33501
0.119404 1.33911
0.122487 1.34319
0.125588 1.34725
0.128706 1.35128
0.131841 1.35529
0.134995 1.35928
0.138167 1.36324
0.141359 1.36718
0.144569 1.3711
0.1478 1.37499
0.15105 1.37885
0.154321 1.38268
0.157613 1.38649
0.160927 1.39027
0.164262 1.39403
0.167619 1.39775
0.170998 1.40145
0.174401 1.40511
0.177827 1.40875
0.181276 1.41235
0.18475 1.41592
0.188248 1.41947
0.191771 1.42298
0.195319 1.42645
0.198893 1.42989
0.202493 1.4333
0.206119 1.43668
0.209773 1.44002
0.213453 1.44333
0.217161 1.44659
0.220898 1.44983
0.224662 1.45302
0.228456 1.45618
0.232278 1.4593
0.236131 1.46239
0.240013 1.46543
0.243926 1.46843
0.247869 1.4714
0.251844 1.47432
0.25585 1.4772
0.259888 1.48005
0.263959 1.48284
0.268062 1.4856
0.272199 1.48832
0.276369 1.49099
0.280571 1.49361
0.284805 1.4962
0.289071 1.49875
0.293368 1.50125
0.297694 1.50371
0.30205 1.50613
0.306435 1.50852
0.310848 1.51086
0.315289 1.51317
0.319757 1.51543
0.324251 1.51766
0.32877 1.51986
0.333315 1.52201
0.337884 1.52414
0.342477 1.52622
0.347093 1.52827
0.351732 1.53029
0.356392 1.53227
0.361074 1.53422
0.365776 1.53614
0.370499 1.53802
0.37524 1.53987
0.380001 1.54169
0.38478 1.54348
0.389576 1.54524
0.394389 1.54698
0.399218 1.54868
0.404063 1.55035
0.408923 1.552
0.413797 1.55361
0.418684 1.5552
0.423585 1.55677
0.428499 1.55831
0.433424 1.55982
0.43836 1.56131
0.443307 1.56277
0.448264 1.56421
0.45323 1.56562
0.458204 1.56702
0.463187 1.56839
0.468177 1.56974
0.473174 1.57106
0.478177 1.57237
0.483185 1.57366
0.488199 1.57492
0.493216 1.57617
0.498238 1.5774
0.503262 1.57861
0.508288 1.5798
0.513317 1.58098
0.518346 1.58214
0.523376 1.58328
0.528405 1.58441
0.533434 1.58552
0.538461 1.58662
0.543487 1.5877
0.548512 1.58877
0.553534 1.58983
0.558556 1.59087
0.563576 1.59189
0.568595 1.5929
0.573613 1.59389
0.57863 1.59487
0.583645 1.59584
0.58866 1.59678
0.593675 1.59771
0.598688 1.59863
0.603701 1.59953
0.608714 1.60041
0.613726 1.60128
0.618737 1.60213
0.623749 1.60296
0.62876 1.60378
0.633771 1.60458
0.638782 1.60536
0.643793 1.60613
0.648804 1.60687
0.653815 1.6076
0.658827 1.60831
0.663839 1.60901
0.668852 1.60969
0.673865 1.61034
0.678878 1.61098
0.683893 1.6116
0.688908 1.61221
0.693924 1.61279
0.698941 1.61336
0.70396 1.6139
0.708979 1.61443
0.714 1.61494
0.719021 1.61543
0.724045 1.61589
0.729069 1.61634
0.734096 1.61677
0.739124 1.61718
0.744153 1.61757
0.749185 1.61794
0.754218 1.61829
0.759253 1.61862
0.76429 1.61892
0.76933 1.61921
0.774372 1.61947
0.779416 1.61972
0.784462 1.61994
0.789511 1.62014
0.794562 1.62032
0.799616 1.62048
0.804671 1.62061
0.809729 1.62073
0.814789 1.62082
0.81985 1.62089
0.824913 1.62094
0.829977 1.62097
0.835043 1.62098
0.84011 1.62097
0.845178 1.62093
0.850247 1.62087
0.855317 1.6208
0.860387 1.6207
0.865458 1.62057
0.870529 1.62043
0.875601 1.62027
0.880672 1.62008
0.885744 1.61988
0.890816 1.61965
0.895887 1.6194
0.900958 1.61913
0.906028 1.61883
0.911098 1.61852
0.916166 1.61818
0.921234 1.61783
0.926301 1.61745
0.931366 1.61705
0.93643 1.61663
0.941493 1.61618
0.946554 1.61572
0.951613 1.61523
0.956671 1.61473
0.961726 1.6142
0.966779 1.61365
0.97183 1.61308
0.976878 1.61249
0.981924 1.61187
0.986967 1.61124
0.992007 1.61058
0.997045 1.6099
1.00208 1.6092
1.00711 1.60848
1.01214 1.60774
1.01716 1.60698
1.02218 1.60619
1.0272 1.60539
1.03221 1.60456
1.03722 1.60371
1.04222 1.60284
1.04722 1.60195
1.05222 1.60103
1.05721 1.6001
1.0622 1.59914
1.06718 1.59816
1.07216 1.59716
1.07713 1.59613
1.0821 1.59509
1.08706 1.59402
1.09202 1.59293
1.09697 1.59182
1.10192 1.59068
1.10686 1.58952
1.11179 1.58834
1.11672 1.58714
1.12164 1.58591
1.12656 1.58466
1.13147 1.58339
1.13638 1.58209
1.14128 1.58077
1.14617 1.57943
1.15105 1.57807
1.15593 1.57668
1.1608 1.57527
1.16567 1.57383
1.17053 1.57237
1.17538 1.57089
1.18022 1.56938
1.18506 1.56785
1.18988 1.5663
1.19471 1.56472
1.19952 1.56312
1.20432 1.5615
1.20912 1.55985
1.21391 1.55817
1.21869 1.55647
1.22346 1.55475
1.22823 1.55301
1.23298 1.55123
1.23773 1.54944
1.24247 1.54762
1.24719 1.54577
1.25191 1.5439
1.25662 1.54201
1.26132 1.54009
1.26601 1.53814
1.27069 1.53617
1.27536 1.53418
1.28002 1.53216
1.28466 1.53012
1.2893 1.52805
1.29393 1.52595
1.29854 1.52383
1.30314 1.52169
1.30773 1.51952
1.31231 1.51733
1.31687 1.5151
1.32143 1.51286
1.32597 1.51059
1.3305 1.50829
1.33501 1.50597
1.33951 1.50362
1.344 1.50125
1.34847 1.49885
1.35293 1.49642
1.35738 1.49397
1.36181 1.49149
1.36623 1.48899
1.37063 1.48646
1.37502 1.48391
1.37939 1.48133
1.38375 1.47872
1.38809 1.47609
1.39241 1.47343
1.39672 1.47075
1.40102 1.46803
1.4053 1.4653
1.40956 1.46253
1.4138 1.45974
1.41803 1.45693
1.42224 1.45408
1.42643 1.45121
1.4306 1.44832
1.43476 1.4454
1.43889 1.44245
1.44301 1.43948
1.44711 1.43648
1.45119 1.43345
1.45525 1.4304
1.45929 1.42732
1.46331 1.42422
1.46731 1.42109
1.47129 1.41793
1.47525 1.41475
1.47919 1.41154
1.48311 1.40831
1.487 1.40505
1.49087 1.40177
1.49472 1.39845
1.49855 1.39512
1.50236 1.39175
1.50614 1.38837
1.5099 1.38495
1.51363 1.38151
1.51734 1.37805
1.52103 1.37456
1.5247 1.37104
1.52833 1.3675
1.53195 1.36393
1.53554 1.36033
1.5391 1.35671
1.54264 1.35307
1.54615 1.3494
1.54963 1.3457
1.55309 1.34198
1.55652 1.33824
1.55993 1.33447
1.56331 1.33067
1.56666 1.32685
1.56998 1.32301
1.57327 1.31914
1.57654 1.31525
1.57978 1.31133
1.58299 1.30739
1.58617 1.30343
1.58932 1.29944
1.59244 1.29543
1.59553 1.2914
1.59859 1.28734
1.60162 1.28326
1.60462 1.27916
1.60759 1.27504
1.61053 1.2709
1.61344 1.26673
1.61632 1.26254
1.61916 1.25833
1.62197 1.2541
1.62475 1.24985
1.6275 1.24558
1.63022 1.24128
1.6329 1.23697
1.63555 1.23263
1.63816 1.22828
1.64074 1.2239
1.64329 1.21951
1.6458 1.21509
1.64828 1.21066
1.65073 1.2062
1.65314 1.20173
1.65551 1.19724
1.65785 1.19273
1.66015 1.1882
1.66242 1.18365
1.66465 1.17909
1.66685 1.17451
1.66901 1.16991
1.67114 1.1653
1.67323 1.16066
1.67529 1.15602
1.67731 1.15135
1.67929 1.14668
1.68124 1.14198
1.68315 1.13727
1.68503 1.13255
1.68687 1.12781
1.68867 1.12306
1.69044 1.1183
1.69217 1.11352
1.69386 1.10873
1.69552 1.10392
1.69714 1.09911
1.69872 1.09428
1.70027 1.08944
1.70178 1.08459
1.70325 1.07972
1.70468 1.07485
1.70608 1.06997
1.70744 1.06507
1.70876 1.06017
1.71005 1.05525
1.7113 1.05033
1.71251 1.04539
1.71368 1.04045
1.71481 1.0355
1.71591 1.03054
1.71697 1.02557
1.718 1.0206
1.71898 1.01562
1.71993 1.01063
1.72084 1.00563
1.72172 1.00063
1.72256 0.995618
1.72336 0.990602
1.72413 0.985581
1.72486 0.980554
1.72555 0.975522
1.72621 0.970485
1.72684 0.965443
1.72742 0.960397
1.72797 0.955347
1.72849 0.950293
1.72897 0.945235
1.72942 0.940174
1.72983 0.93511
1.7302 0.930043
1.73054 0.924974
1.73085 0.919903
1.73112 0.91483
1.73135 0.909755
1.73155 0.904679
1.73172 0.899602
1.73185 0.894524
1.73195 0.889445
1.73202 0.884367
1.73205 0.879288
1.73204 0.87421
1.73201 0.869132
1.73194 0.864055
1.73183 0.858979
1.7317 0.853904
1.73153 0.84883
1.73133 0.843758
1.73109 0.838687
1.73083 0.833617
1.73053 0.82855
1.7302 0.823484
1.72983 0.818421
1.72944 0.81336
1.72902 0.808301
1.72856 0.803245
1.72807 0.798191
1.72756 0.793141
1.72701 0.788094
1.72643 0.78305
1.72582 0.778009
1.72519 0.772972
1.72452 0.767939
1.72382 0.762909
1.7231 0.757884
1.72234 0.752862
1.72156 0.747846
1.72075 0.742833
1.71991 0.737825
1.71904 0.732823
1.71814 0.727825
1.71722 0.722832
1.71626 0.717845
1.71528 0.712863
1.71428 0.707886
1.71324 0.702916
1.71218 0.697951
1.7111 0.692993
1.70998 0.688041
1.70884 0.683095
1.70768 0.678155
1.70649 0.673222
1.70527 0.668296
1.70403 0.663376
1.70276 0.658463
1.70147 0.653556
1.70015 0.648656
1.69881 0.643763
1.69744 0.638877
1.69605 0.633998
1.69464 0.629126
1.6932 0.62426
1.69173 0.619402
1.69025 0.614551
1.68874 0.609707
1.6872 0.60487
1.68565 0.600041
1.68407 0.595219
1.68247 0.590404
1.68084 0.585597
1.6792 0.580797
1.67753 0.576005
1.67584 0.571221
1.67412 0.566444
1.67239 0.561675
1.67063 0.556914
1.66886 0.55216
1.66706 0.547415
1.66524 0.542677
1.6634 0.537947
1.66154 0.533226
1.65966 0.528513
1.65776 0.523807
1.65584 0.51911
1.6539 0.514422
1.65194 0.509741
1.64996 0.505069
1.64796 0.500406
1.64595 0.495751
1.64391 0.491104
1.64185 0.486467
1.63978 0.481837
1.63769 0.477216
1.63558 0.472604
1.63345 0.468
1.6313 0.463405
1.62914 0.458818
1.62696 0.45424
1.62476 0.44967
1.62254 0.445109
1.6203 0.440557
1.61805 0.436013
1.61578 0.431477
1.6135 0.426951
1.61119 0.422432
1.60887 0.417922
1.60653 0.413421
1.60418 0.408929
1.60181 0.404445
1.59943 0.399969
1.59702 0.395502
1.59461 0.391044
1.59217 0.386594
1.58972 0.382153
1.58726 0.37772
1.58478 0.373296
1.58228 0.368881
1.57977 0.364474
1.57724 0.360076
1.5747 0.355686
1.57214 0.351305
1.56957 0.346932
1.56699 0.342568
1.56439 0.338213
1.56177 0.333866
1.55915 0.329528
1.5565 0.325199
1.55385 0.320878
1.55118 0.316566
1.54849 0.312262
1.5458 0.307967
1.54309 0.30368
1.54036 0.299402
1.53763 0.295133
1.53488 0.290873
1.53211 0.28662
1.52934 0.282377
1.52655 0.278142
1.52375 0.273915
1.52094 0.269697
1.51811 0.265488
1.51527 0.261287
1.51242 0.257094
1.50956 0.25291
1.50668 0.248734
1.50379 0.244567
1.50089 0.240407
1.49798 0.236257
1.49506 0.232115
1.49212 0.227981
1.48918 0.223855
1.48622 0.219738
1.48325 0.215628
1.48026 0.211528
1.47727 0.207435
1.47427 0.203351
1.47125 0.199275
1.46823 0.195207
1.46519 0.191147
1.46214 0.187095
1.45908 0.183052
1.45601 0.179017
1.45293 0.174989
1.44984 0.17097
1.44674 0.166959
1.44362 0.162956
1.4405 0.158962
1.43737 0.154975
1.43423 0.150996
1.43107 0.147025
1.42791 0.143062
1.42474 0.139107
1.42155 0.13516
1.41836 0.131221
1.41516 0.12729
1.41195 0.123367
1.40873 0.119452
1.40549 0.115544
1.40225 0.111645
1.39901 0.107753
1.39575 0.103869
1.39248 0.0999927
1.3892 0.0961243
1.38592 0.0922636
1.38262 0.0884106
1.37932 0.0845653
1.37601 0.0807277
1.37269 0.0768977
1.36936 0.0730753
1.36602 0.0692605
1.36267 0.0654532
1.35932 0.0616535
1.35595 0.0578613
1.35258 0.0540766
1.3492 0.0502993
1.34581 0.0465294
1.34242 0.042767
1.33901 0.0390119
1.3356 0.0352642
1.33218 0.0315238
1.32875 0.0277908
1.32531 0.024065
1.32187 0.0203464
1.31841 0.0166351
1.31495 0.012931
1.31148 0.00923406
1.30801 0.00554427
1.30452 0.00186161
1.30103 -0.00181395
1.29753 -0.00548243
1.29403 -0.00914386
1.29052 -0.0127983
1.287 -0.0164457
1.28347 -0.0200861
1.27993 -0.0237196
1.27639 -0.0273461
1.27284 -0.0309658
1.26929 -0.0345786
1.26572 -0.0381845
1.26215 -0.0417837
1.25858 -0.045376
1.25499 -0.0489615
1.2514 -0.0525403
1.24781 -0.0561124
1.2442 -0.0596778
1.24059 -0.0632365
1.23698 -0.0667886
1.23335 -0.070334
1.22972 -0.0738729
1.22609 -0.0774052
1.22245 -0.0809309
1.2188 -0.0844501
1.21515 -0.0879628
1.21149 -0.091469
1.20782 -0.0949688
1.20415 -0.0984621
1.20047 -0.101949
1.19679 -0.105429
1.1931 -0.108903
1.1894 -0.112371
1.1857 -0.115832
1.18199 -0.119287
1.17828 -0.122736
1.17456 -0.126178
1.17083 -0.129614
1.1671 -0.133043
1.16336 -0.136467
1.15962 -0.139884
1.15587 -0.143295
1.15212 -0.146699
1.14836 -0.150098
1.14459 -0.15349
1.14082 -0.156876
1.13704 -0.160256
1.13326 -0.16363
1.12947 -0.166997
1.12568 -0.170359
1.12188 -0.173714
1.11808 -0.177063
1.11427 -0.180407
1.11046 -0.183744
1.10664 -0.187075
1.10281 -0.1904
1.09898 -0.193719
1.09515 -0.197033
1.0913 -0.20034
1.08746 -0.203641
1.08361 -0.206937
1.07975 -0.210226
1.07589 -0.21351
1.07202 -0.216787
1.06815 -0.220059
1.06428 -0.223325
1.0604 -0.226586
1.05651 -0.22984
1.05262 -0.233088
1.04872 -0.236331
1.04482 -0.239568
1.04092 -0.2428
1.03701 -0.246025
1.03309 -0.249245
1.02917 -0.252459
1.02525 -0.255668
1.02132 -0.25887
1.01738 -0.262068
1.01345 -0.265259
1.0095 -0.268445
1.00556 -0.271626
1.0016 -0.274801
0.997648 -0.27797
0.993688 -0.281135
0.989723 -0.284294
0.985754 -0.287448
0.981781 -0.290597
0.977804 -0.29374
0.973823 -0.296879
0.969838 -0.300012
0.96585 -0.303141
0.961857 -0.306265
0.957861 -0.309384
0.953861 -0.312499
0.949857 -0.315608
0.94585 -0.318714
0.94184 -0.321814
0.937826 -0.32491
0.933808 -0.328002
0.929788 -0.331089
0.925764 -0.334172
0.921737 -0.337251
0.917707 -0.340325
0.913674 -0.343396
0.909637 -0.346462
0.905598 -0.349524
0.901556 -0.352583
0.897511 -0.355637
0.893464 -0.358688
0.889414 -0.361735
0.885361 -0.364778
0.881306 -0.367817
0.877248 -0.370853
0.873187 -0.373885
0.869125 -0.376914
0.86506 -0.37994
0.860993 -0.382962
0.856923 -0.385981
0.852852 -0.388996
0.848778 -0.392009
0.844702 -0.395018
0.840625 -0.398024
0.836546 -0.401027
0.832464 -0.404027
0.828381 -0.407025
0.824297 -0.410019
0.820211 -0.413011
0.816123 -0.416
0.812033 -0.418987
0.807943 -0.42197
0.803851 -0.424952
0.799757 -0.427931
0.795662 -0.430907
0.791567 -0.433881
0.78747 -0.436853
0.783372 -0.439822
0.779272 -0.44279
0.775172 -0.445755
0.77107 -0.448717
0.766967 -0.451678
0.762863 -0.454636
0.758757 -0.457591
0.75465 -0.460544
0.750541 -0.463494
0.74643 -0.466441
0.742318 -0.469386
0.738204 -0.472328
0.734087 -0.475267
0.729969 -0.478203
0.725849 -0.481137
0.721727 -0.484067
0.717602 -0.486994
0.713475 -0.489919
0.709346 -0.49284
0.705214 -0.495758
0.70108 -0.498672
0.696943 -0.501584
0.692804 -0.504492
0.688661 -0.507396
0.684516 -0.510298
0.680368 -0.513195
0.676218 -0.51609
0.672064 -0.51898
0.667907 -0.521867
0.663747 -0.52475
0.659583 -0.52763
0.655416 -0.530505
0.651246 -0.533377
0.647073 -0.536245
0.642896 -0.539109
0.638715 -0.541969
0.63453 -0.544824
0.630342 -0.547676
0.62615 -0.550524
0.621954 -0.553367
0.617754 -0.556206
0.61355 -0.55904
0.609342 -0.561871
0.605129 -0.564697
0.600912 -0.567518
0.596691 -0.570335
0.592466 -0.573147
0.588236 -0.575955
0.584001 -0.578757
0.579762 -0.581556
0.575518 -0.584349
0.571269 -0.587137
0.567015 -0.589921
0.562757 -0.592699
0.558493 -0.595473
0.554224 -0.598242
0.54995 -0.601005
0.545671 -0.603763
0.541386 -0.606516
0.537096 -0.609264
0.532801 -0.612007
0.5285 -0.614744
0.524194 -0.617477
0.519885 -0.620205
0.515571 -0.62293
0.511254 -0.625652
0.506933 -0.628371
0.502611 -0.631088
0.498286 -0.633802
0.49396 -0.636516
0.489632 -0.639228
0.485304 -0.641941
0.480975 -0.644653
0.476647 -0.647365
0.472319 -0.650079
0.467993 -0.652794
0.463667 -0.655511
0.459344 -0.65823
0.455024 -0.660952
0.450706 -0.663677
0.446392 -0.666406
0.442081 -0.669139
0.437775 -0.671877
0.433474 -0.67462
0.429177 -0.677369
0.424887 -0.680123
0.420602 -0.682885
0.416324 -0.685653
0.412053 -0.688428
0.407789 -0.691212
0.403534 -0.694004
0.399286 -0.696804
0.395048 -0.699614
0.390818 -0.702434
0.386599 -0.705264
0.38239 -0.708105
0.378191 -0.710957
0.374003 -0.71382
0.369827 -0.716696
0.365663 -0.719584
0.361511 -0.722485
0.357372 -0.7254
0.353247 -0.728328
0.349135 -0.731271
0.345038 -0.734229
0.340955 -0.737202
0.336888 -0.740191
0.332836 -0.743196
0.3288 -0.746218
0.32478 -0.749257
0.320778 -0.752314
0.316793 -0.755389
0.312826 -0.758482
0.308877 -0.761595
0.304947 -0.764727
0.301037 -0.767879
0.297146 -0.771051
0.293275 -0.774245
0.289425 -0.77746
0.285596 -0.780696
0.281788 -0.783955
0.278002 -0.787237
0.274239 -0.790541
0.270499 -0.79387
0.266781 -0.797222
0.263087 -0.800599
0.259416 -0.803998
0.255767 -0.807421
0.25214 -0.810867
0.248535 -0.814336
0.244952 -0.817827
0.24139 -0.821341
0.237849 -0.824876
0.234329 -0.828433
0.23083 -0.832011
0.227351 -0.83561
0.223893 -0.83923
0.220454 -0.842871
0.217034 -0.846532
0.213634 -0.850213
0.210254 -0.853914
0.206892 -0.857634
0.203548 -0.861373
0.200223 -0.865131
0.196916 -0.868908
0.193626 -0.872704
0.190354 -0.876517
0.187099 -0.880348
0.183862 -0.884197
0.18064 -0.888063
0.177436 -0.891946
0.174247 -0.895846
0.171075 -0.899763
0.167918 -0.903695
0.164777 -0.907644
0.16165 -0.911608
0.158539 -0.915588
0.155442 -0.919583
0.15236 -0.923592
0.149292 -0.927616
0.146237 -0.931655
0.143196 -0.935708
0.140169 -0.939774
0.137154 -0.943854
0.134153 -0.947947
0.131163 -0.952054
0.128186 -0.956172
0.125222 -0.960304
0.122268 -0.964447
0.119327 -0.968603
0.116396 -0.97277
0.113477 -0.976948
0.110568 -0.981137
0.10767 -0.985338
0.104782 -0.989548
0.101904 -0.99377
0.099035 -0.998001
0.0961759 -1.00224
0.0933259 -1.00649
0.0904848 -1.01075
0.0876523 -1.01502
0.0848282 -1.0193
0.0820122 -1.02358
0.0792039 -1.02788
0.0764033 -1.03218
0.07361 -1.03649
0.0708237 -1.0408
0.0680442 -1.04513
0.0652713 -1.04946
0.0625046 -1.05379
0.0597439 -1.05813
0.056989 -1.06248
0.0542395 -1.06684
0.0514953 -1.0712
0.048756 -1.07556
0.0460215 -1.07993
0.0432914 -1.08431
0.0405654 -1.08869
0.0378434 -1.09307
0.035125 -1.09745
0.03241 -1.10184
0.0296982 -1.10624
0.0269892 -1.11063
0.0242828 -1.11503
0.0215788 -1.11943
0.0188769 -1.12384
0.0161768 -1.12824
0.0134783 -1.13265
0.0107811 -1.13706
0.00808488 -1.14147
0.00538948 -1.14588
0.00269461 -1.15029
-1.42109e-14 -1.1547
4.02456e-16 -1.1547
-0.00269461 -1.15029
-0.00538948 -1.14588
-0.00808488 -1.14147
-0.0107811 -1.13706
-0.0134783 -1.13265
-0.0161768 -1.12824
-0.0188769 -1.12384
-0.0215788 -1.11943
-0.0242828 -1.11503
-0.0269892 -1.11063
-0.0296982 -1.10624
-0.03241 -1.10184
-0.035125 -1.09745
-0.0378434 -1.09307
-0.0405654 -1.08869
-0.0432914 -1.08431
-0.0460215 -1.07993
-0.048756 -1.07556
-0.0514953 -1.0712
-0.0542395 -1.06684
-0.056989 -1.06248
-0.0597439 -1.05813
-0.0625046 -1.05379
-0.0652713 -1.04946
-0.0680442 -1.04513
-0.0708237 -1.0408
-0.07361 -1.03649
-0.0764033 -1.03218
-0.0792039 -1.02788
-0.0820122 -1.02358
-0.0848282 -1.0193
-0.0876523 -1.01502
-0.0904848 -1.01075
-0.0933259 -1.00649
-0.0961759 -1.00224
-0.099035 -0.998001
-0.101904 -0.99377
-0.104782 -0.989548
-0.10767 -0.985338
-0.110568 -0.981137
-0.113477 -0.976948
-0.116396 -0.97277
-0.119327 -0.968603
-0.122268 -0.964447
-0.125222 -0.960304
-0.128186 -0.956172
-0.131163 -0.952054
-0.134153 -0.947947
-0.137154 -0.943854
-0.140169 -0.939774
-0.143196 -0.935708
-0.146237 -0.931655
-0.149292 -0.927616
-0.15236 -0.923592
-0.155442 -0.919583
-0.158539 -0.915588
-0.16165 -0.911608
-0.164777 -0.907644
-0.167918 -0.903695
-0.171075 -0.899763
-0.174247 -0.895846
-0.177436 -0.891946
-0.18064 -0.888063
-0.183862 -0.884197
-0.187099 -0.880348
-0.190354 -0.876517
-0.193626 -0.872704
-0.196916 -0.868908
-0.200223 -0.865131
-0.203548 -0.861373
-0.206892 -0.857634
-0.210254 -0.853914
-0.213634 -0.850213
-0.217034 -0.846532
-0.220454 -0.842871
-0.223893 -0.83923
-0.227351 -0.83561
-0.23083 -0.832011
-0.234329 -0.828433
-0.237849 -0.824876
-0.24139 -0.821341
-0.244952 -0.817827
-0.248535 -0.814336
-0.25214 -0.810867
-0.255767 -0.807421
-0.259416 -0.803998
-0.263087 -0.800599
-0.266781 -0.797222
-0.270499 -0.79387
-0.274239 -0.790541
-0.278002 -0.787237
-0.281788 -0.783955
-0.285596 -0.780696
-0.289425 -0.77746
-0.293275 -0.774245
-0.297146 -0.771051
-0.301037 -0.767879
-0.304947 -0.764727
-0.308877 -0.761595
-0.312826 -0.758482
-0.316793 -0.755389
-0.320778 -0.752314
-0.32478 -0.749257
-0.3288 -0.746218
-0.332836 -0.743196
-0.336888 -0.740191
-0.340955 -0.737202
-0.345038 -0.734229
-0.349135 -0.731271
-0.353247 -0.728328
-0.357372 -0.7254
-0.361511 -0.722485
-0.365663 -0.719584
-0.369827 -0.716696
-0.374003 -0.71382
-0.378191 -0.710957
-0.38239 -0.708105
-0.386599 -0.705264
-0.390818 -0.702434
-0.395048 -0.699614
-0.399286 -0.696804
-0.403534 -0.694004
-0.407789 -0.691212
-0.412053 -0.688428
-0.416324 -0.685653
-0.420602 -0.682885
-0.424887 -0.680123
-0.429177 -0.677369
-0.433474 -0.67462
-0.437775 -0.671877
-0.442081 -0.669139
-0.446392 -0.666406
-0.450706 -0.663677
-0.455024 -0.660952
-0.459344 -0.65823
-0.463667 -0.655511
-0.467993 -0.652794
-0.472319 -0.650079
-0.476647 -0.647365
-0.480975 -0.644653
-0.485304 -0.641941
-0.489632 -0.639228
-0.49396 -0.636516
-0.498286 -0.633802
-0.502611 -0.631088
-0.506933 -0.628371
-0.511254 -0.625652
-0.515571 -0.62293
-0.519885 -0.620205
-0.524194 -0.617477
-0.5285 -0.614744
-0.532801 -0.612007
-0.537096 -0.609264
-0.541386 -0.606516
-0.545671 -0.603763
-0.54995 -0.601005
-0.554224 -0.598242
-0.558493 -0.595473
-0.562757 -0.592699
-0.567015 -0.589921
-0.571269 -0.587137
-0.575518 -0.584349
-0.579762 -0.581556
-0.584001 -0.578757
-0.588236 -0.575955
-0.592466 -0.573147
-0.596691 -0.570335
-0.600912 -0.567518
-0.605129 -0.564697
-0.609342 -0.561871
-0.61355 -0.55904
-0.617754 -0.556206
-0.621954 -0.553367
-0.62615 -0.550524
-0.630342 -0.547676
-0.63453 -0.544824
-0.638715 -0.541969
-0.642896 -0.539109
-0.647073 -0.536245
-0.651246 -0.533377
-0.655416 -0.530505
-0.659583 -0.52763
-0.663747 -0.52475
-0.667907 -0.521867
-0.672064 -0.51898
-0.676218 -0.51609
-0.680368 -0.513195
-0.684516 -0.510298
-0.688661 -0.507396
-0.692804 -0.504492
-0.696943 -0.501584
-0.70108 -0.498672
-0.705214 -0.495758
-0.709346 -0.49284
-0.713475 -0.489919
-0.717602 -0.486994
-0.721727 -0.484067
-0.725849 -0.481137
-0.729969 -0.478203
-0.734087 -0.475267
-0.738204 -0.472328
-0.742318 -0.469386
-0.74643 -0.466441
-0.750541 -0.463494
-0.75465 -0.460544
-0.758757 -0.457591
-0.762863 -0.454636
-0.766967 -0.451678
-0.77107 -0.448717
-0.775172 -0.445755
-0.779272 -0.44279
-0.783372 -0.439822
-0.78747 -0.436853
-0.791567 -0.433881
-0.795662 -0.430907
-0.799757 -0.427931
-0.803851 -0.424952
-0.807943 -0.42197
-0.812033 -0.418987
-0.816123 -0.416
-0.820211 -0.413011
-0.824297 -0.410019
-0.828381 -0.407025
-0.832464 -0.404027
-0.836546 -0.401027
-0.840625 -0.398024
-0.844702 -0.395018
-0.848778 -0.392009
-0.852852 -0.388996
-0.856923 -0.385981
-0.860993 -0.382962
-0.86506 -0.37994
-0.869125 -0.376914
-0.873187 -0.373885
-0.877248 -0.370853
-0.881306 -0.367817
-0.885361 -0.364778
-0.889414 -0.361735
-0.893464 -0.358688
-0.897511 -0.355637
-0.901556 -0.352583
-0.905598 -0.349524
-0.909637 -0.346462
-0.913674 -0.343396
-0.917707 -0.340325
-0.921737 -0.337251
-0.925764 -0.334172
-0.929788 -0.331089
-0.933808 -0.328002
-0.937826 -0.32491
-0.94184 -0.321814
-0.94585 -0.318714
-0.949857 -0.315608
-0.953861 -0.312499
-0.957861 -0.309384
-0.961857 -0.306265
-0.96585 -0.303141
-0.969838 -0.300012
-0.973823 -0.296879
-0.977804 -0.29374
-0.981781 -0.290597
-0.985754 -0.287448
-0.989723 -0.284294
-0.993688 -0.281135
-0.997648 -0.27797
-1.0016 -0.274801
-1.00556 -0.271626
-1.0095 -0.268445
-1.01345 -0.265259
-1.01738 -0.262068
-1.02132 -0.25887
-1.02525 -0.255668
-1.02917 -0.252459
-1.03309 -0.249245
-1.03701 -0.246025
-1.04092 -0.2428
-1.04482 -0.239568
-1.04872 -0.236331
-1.05262 -0.233088
-1.05651 -0.22984
-1.0604 -0.226586
-1.06428 -0.223325
-1.06815 -0.220059
-1.07202 -0.216787
-1.07589 -0.21351
-1.07975 -0.210226
-1.08361 -0.206937
-1.08746 -0.203641
-1.0913 -0.20034
-1.09515 -0.197033
-1.09898 -0.193719
-1.10281 -0.1904
-1.10664 -0.187075
-1.11046 -0.183744
-1.11427 -0.180407
-1.11808 -0.177063
-1.12188 -0.173714
-1.12568 -0.170359
-1.12947 -0.166997
-1.13326 -0.16363
-1.13704 -0.160256
-1.14082 -0.156876
-1.14459 -0.15349
-1.14836 -0.150098
-1.15212 -0.146699
-1.15587 -0.143295
-1.15962 -0.139884
-1.16336 -0.136467
-1.1671 -0.133043
-1.17083 -0.129614
-1.17456 -0.126178
-1.17828 -0.122736
-1.18199 -0.119287
-1.1857 -0.115832
-1.1894 -0.112371
-1.1931 -0.108903
-1.19679 -0.105429
-1.20047 -0.101949
-1.20415 -0.0984621
-1.20782 -0.0949688
-1.21149 -0.091469
-1.21515 -0.0879628
-1.2188 -0.0844501
-1.22245 -0.0809309
-1.22609 -0.0774052
-1.22972 -0.0738729
-1.23335 -0.070334
-1.23698 -0.0667886
-1.24059 -0.0632365
-1.2442 -0.0596778
-1.24781 -0.0561124
-1.2514 -0.0525403
-1.25499 -0.0489615
-1.25858 -0.045376
-1.26215 -0.0417837
-1.26572 -0.0381845
-1.26929 -0.0345786
-1.27284 -0.0309658
-1.27639 -0.0273462
-1.27993 -0.0237196
-1.28347 -0.0200861
-1.287 -0.0164457
-1.29052 -0.0127983
-1.29403 -0.00914386
-1.29753 -0.00548243
-1.30103 -0.00181395
-1.30452 0.00186161
-1.30801 0.00554427
-1.31148 0.00923406
-1.31495 0.012931
-1.31841 0.0166351
-1.32187 0.0203464
-1.32531 0.024065
-1.32875 0.0277908
-1.33218 0.0315238
-1.3356 0.0352642
-1.33901 0.0390119
-1.34242 0.042767
-1.34581 0.0465294
-1.3492 0.0502993
-1.35258 0.0540766
-1.35595 0.0578613
-1.35932 0.0616535
-1.36267 0.0654532
-1.36602 0.0692605
-1.36936 0.0730753
-1.37269 0.0768977
-1.37601 0.0807277
-1.37932 0.0845653
-1.38262 0.0884106
-1.38592 0.0922636
-1.3892 0.0961243
-1.39248 0.0999927
-1.39575 0.103869
-1.39901 0.107753
-1.40225 0.111645
-1.40549 0.115544
-1.40873 0.119452
-1.41195 0.123367
-1.41516 0.12729
-1.41836 0.131221
-1.42155 0.13516
-1.42474 0.139107
-1.42791 0.143062
-1.43107 0.147025
-1.43423 0.150996
-1.43737 0.154975
-1.4405 0.158962
-1.44362 0.162956
-1.44674 0.166959
-1.44984 0.17097
-1.45293 0.174989
-1.45601 0.179017
-1.45908 0.183052
-1.46214 0.187095
-1.46519 0.191147
-1.46823 0.195207
-1.47125 0.199275
-1.47427 0.203351
-1.47727 0.207435
-1.48026 0.211528
-1.48325 0.215628
-1.48622 0.219738
-1.48918 0.223855
-1.49212 0.227981
-1.49506 0.232115
-1.49798 0.236257
-1.50089 0.240407
-1.50379 0.244567
-1.50668 0.248734
-1.50956 0.25291
-1.51242 0.257094
-1.51527 0.261287
-1.51811 0.265488
-1.52094 0.269697
-1.52375 0.273915
-1.52655 0.278142
-1.52934 0.282377
-1.53211 0.28662
-1.53488 0.290873
-1.53763 0.295133
-1.54036 0.299402
-1.54309 0.30368
-1.5458 0.307967
-1.54849 0.312262
-1.55118 0.316566
-1.55385 0.320878
-1.5565 0.325199
-1.55915 0.329528
-1.56177 0.333866
-1.56439 0.338213
-1.56699 0.342568
-1.56957 0.346932
-1.57214 0.351305
-1.5747 0.355686
-1.57724 0.360076
-1.57977 0.364474
-1.58228 0.368881
-1.58478 0.373296
-1.58726 0.37772
-1.58972 0.382153
-1.59217 0.386594
-1.59461 0.391044
-1.59702 0.395502
-1.59943 0.399969
-1.60181 0.404445
-1.60418 0.408929
-1.60653 0.413421
-1.60887 0.417922
-1.61119 0.422432
-1.6135 0.426951
-1.61578 0.431477
-1.61805 0.436013
-1.6203 0.440557
-1.62254 0.445109
-1.62476 0.44967
-1.62696 0.45424
-1.62914 0.458818
-1.6313 0.463405
-1.63345 0.468
-1.63558 0.472604
-1.63769 0.477216
-1.63978 0.481837
-1.64185 0.486467
-1.64391 0.491104
-1.64595 0.495751
-1.64796 0.500406
-1.64996 0.505069
-1.65194 0.509741
-1.6539 0.514422
-1.65584 0.51911
-1.65776 0.523807
-1.65966 0.528513
-1.66154 0.533226
-1.6634 0.537947
-1.66524 0.542677
-1.66706 0.547415
-1.66886 0.55216
-1.67063 0.556914
-1.67239 0.561675
-1.67412 0.566444
-1.67584 0.571221
-1.67753 0.576005
-1.6792 0.580797
-1.68084 0.585597
-1.68247 0.590404
-1.68407 0.595219
-1.68565 0.600041
-1.6872 0.60487
-1.68874 0.609707
-1.69025 0.614551
-1.69173 0.619402
-1.6932 0.62426
-1.69464 0.629126
-1.69605 0.633998
-1.69744 0.638877
-1.69881 0.643763
-1.70015 0.648656
-1.70147 0.653556
-1.70276 0.658463
-1.70403 0.663376
-1.70527 0.668296
-1.70649 0.673222
-1.70768 0.678155
-1.70884 0.683095
-1.70998 0.688041
-1.7111 0.692993
-1.71218 0.697951
-1.71324 0.702916
-1.71428 0.707886
-1.71528 0.712863
-1.71626 0.717845
-1.71722 0.722832
-1.71814 0.727825
-1.71904 0.732823
-1.71991 0.737825
-1.72075 0.742833
-1.72156 0.747845
-1.72234 0.752862
-1.7231 0.757884
-1.72382 0.762909
-1.72452 0.767939
-1.72519 0.772972
-1.72582 0.778009
-1.72643 0.78305
-1.72701 0.788094
-1.72756 0.793141
-1.72807 0.798191
-1.72856 0.803245
-1.72902 0.808301
-1.72944 0.81336
-1.72983 0.818421
-1.7302 0.823484
-1.73053 0.82855
-1.73083 0.833617
-1.73109 0.838687
-1.73133 0.843758
-1.73153 0.84883
-1.7317 0.853904
-1.73183 0.858979
-1.73194 0.864055
-1.73201 0.869132
-1.73204 0.87421
-1.73205 0.879288
-1.73202 0.884367
-1.73195 0.889445
-1.73185 0.894524
-1.73172 0.899602
-1.73155 0.904679
-1.73135 0.909755
-1.73112 0.91483
-1.73085 0.919903
-1.73054 0.924974
-1.7302 0.930043
-1.72983 0.93511
-1.72942 0.940174
-1.72897 0.945235
-1.72849 0.950293
-1.72797 0.955347
-1.72742 0.960397
-1.72684 0.965443
-1.72621 0.970485
-1.72555 0.975522
-1.72486 0.980554
-1.72413 0.985581
-1.72336 0.990602
-1.72256 0.995618
-1.72172 1.00063
-1.72084 1.00563
-1.71993 1.01063
-1.71898 1.01562
-1.718 1.0206
-1.71697 1.02557
-1.71591 1.03054
-1.71481 1.0355
-1.71368 1.04045
-1.71251 1.04539
-1.7113 1.05033
-1.71005 1.05525
-1.70876 1.06017
-1.70744 1.06507
-1.70608 1.06997
-1.70468 1.07485
-1.70325 1.07972
-1.70178 1.08459
-1.70027 1.08944
-1.69872 1.09428
-1.69714 1.09911
-1.69552 1.10392
-1.69386 1.10873
-1.69217 1.11352
-1.69044 1.1183
-1.68867 1.12306
-1.68687 1.12781
-1.68503 1.13255
-1.68315 1.13727
-1.68124 1.14198
-1.67929 1.14668
-1.67731 1.15135
-1.67529 1.15602
-1.67323 1.16066
-1.67114 1.1653
-1.66901 1.16991
-1.66685 1.17451
-1.66465 1.17909
-1.66242 1.18365
-1.66015 1.1882
-1.65785 1.19273
-1.65551 1.19724
-1.65314 1.20173
-1.65073 1.2062
-1.64828 1.21066
-1.6458 1.21509
-1.64329 1.21951
-1.64074 1.2239
-1.63816 1.22828
-1.63555 1.23263
-1.6329 1.23697
-1.63022 1.24128
-1.6275 1.24558
-1.62475 1.24985
-1.62197 1.2541
-1.61916 1.25833
-1.61632 1.26254
-1.61344 1.26673
-1.61053 1.2709
-1.60759 1.27504
-1.60462 1.27916
-1.60162 1.28326
-1.59859 1.28734
-1.59553 1.2914
-1.59244 1.29543
-1.58932 1.29944
-1.58617 1.30343
-1.58299 1.30739
-1.57978 1.31133
-1.57654 1.31525
-1.57327 1.31914
-1.56998 1.32301
-1.56666 1.32685
-1.56331 1.33067
-1.55993 1.33447
-1.55652 1.33824
-1.55309 1.34198
-1.54963 1.3457
-1.54615 1.3494
-1.54264 1.35307
-1.5391 1.35671
-1.53554 1.36033
-1.53195 1.36393
-1.52833 1.3675
-1.5247 1.37104
-1.52103 1.37456
-1.51734 1.37805
-1.51363 1.38151
-1.5099 1.38495
-1.50614 1.38837
-1.50236 1.39175
-1.49855 1.39512
-1.49472 1.39845
-1.49087 1.40177
-1.487 1.40505
-1.48311 1.40831
-1.47919 1.41154
-1.47525 1.41475
-1.47129 1.41793
-1.46731 1.42109
-1.46331 1.42422
-1.45929 1.42732
-1.45525 1.4304
-1.45119 1.43345
-1.44711 1.43648
-1.44301 1.43948
-1.43889 1.44245
-1.43476 1.4454
-1.4306 1.44832
-1.42643 1.45121
-1.42224 1.45408
-1.41803 1.45693
-1.4138 1.45974
-1.40956 1.46253
-1.4053 1.4653
-1.40102 1.46803
-1.39672 1.47075
-1.39241 1.47343
-1.38809 1.47609
-1.38375 1.47872
-1.37939 1.48133
-1.37502 1.48391
-1.37063 1.48646
-1.36623 1.48899
-1.36181 1.49149
-1.35738 1.49397
-1.35293 1.49642
-1.34847 1.49885
-1.344 1.50125
-1.33951 1.50362
-1.33501 1.50597
-1.3305 1.50829
-1.32597 1.51059
-1.32143 1.51286
-1.31687 1.5151
-1.31231 1.51733
-1.30773 1.51952
-1.30314 1.52169
-1.29854 1.52383
-1.29393 1.52595
-1.2893 1.52805
-1.28466 1.53012
-1.28002 1.53216
-1.27536 1.53418
-1.27069 1.53617
-1.26601 1.53814
-1.26132 1.54009
-1.25662 1.54201
-1.25191 1.5439
-1.24719 1.54577
-1.24247 1.54762
-1.23773 1.54944
-1.23298 1.55123
-1.22823 1.55301
-1.22346 1.55475
-1.21869 1.55647
-1.21391 1.55817
-1.20912 1.55985
-1.20432 1.5615
-1.19952 1.56312
-1.19471 1.56472
-1.18988 1.5663
-1.18506 1.56785
-1.18022 1.56938
-1.17538 1.57089
-1.17053 1.57237
-1.16567 1.57383
-1.1608 1.57527
-1.15593 1.57668
-1.15105 1.57807
-1.14617 1.57943
-1.14128 1.58077
-1.13638 1.58209
-1.13147 1.58339
-1.12656 1.58466
-1.12164 1.58591
-1.11672 1.58714
-1.11179 1.58834
-1.10686 1.58952
-1.10192 1.59068
-1.09697 1.59182
-1.09202 1.59293
-1.08706 1.59402
-1.0821 1.59509
-1.07713 1.59613
-1.07216 1.59716
-1.06718 1.59816
-1.0622 1.59914
-1.05721 1.6001
-1.05222 1.60103
-1.04722 1.60195
-1.04222 1.60284
-1.03722 1.60371
-1.03221 1.60456
-1.0272 1.60539
-1.02218 1.60619
-1.01716 1.60698
-1.01214 1.60774
-1.00711 1.60848
-1.00208 1.6092
-0.997045 1.6099
-0.992007 1.61058
-0.986967 1.61124
-0.981924 1.61187
-0.976878 1.61249
-0.97183 1.61308
-0.966779 1.61365
-0.961726 1.6142
-0.956671 1.61473
-0.951613 1.61523
-0.946554 1.61572
-0.941493 1.61618
-0.93643 1.61663
-0.931366 1.61705
-0.926301 1.61745
-0.921234 1.61783
-0.916166 1.61818
-0.911098 1.61852
-0.906028 1.61883
-0.900958 1.61913
-0.895887 1.6194
-0.890816 1.61965
-0.885744 1.61988
-0.880672 1.62008
-0.875601 1.62027
-0.870529 1.62043
-0.865458 1.62057
-0.860387 1.6207
-0.855317 1.6208
-0.850247 1.62087
-0.845178 1.62093
-0.84011 1.62097
-0.835043 1.62098
-0.829977 1.62097
-0.824913 1.62094
-0.81985 1.62089
-0.814789 1.62082
-0.809729 1.62073
-0.804671 1.62061
-0.799616 1.62048
-0.794562 1.62032
-0.789511 1.62014
-0.784462 1.61994
-0.779416 1.61972
-0.774372 1.61947
-0.76933 1.61921
-0.76429 1.61892
-0.759253 1.61862
-0.754218 1.61829
-0.749185 1.61794
-0.744153 1.61757
-0.739124 1.61718
-0.734096 1.61677
-0.729069 1.61634
-0.724045 1.61589
-0.719021 1.61543
-0.714 1.61494
-0.708979 1.61443
-0.70396 1.6139
-0.698942 1.61336
-0.693924 1.61279
-0.688908 1.61221
-0.683893 1.6116
-0.678878 1.61098
-0.673865 1.61034
-0.668852 1.60969
-0.663839 1.60901
-0.658827 1.60831
-0.653815 1.6076
-0.648804 1.60687
-0.643793 1.60613
-0.638782 1.60536
-0.633771 1.60458
-0.62876 1.60378
-0.623749 1.60296
-0.618737 1.60213
-0.613726 1.60128
-0.608714 1.60041
-0.603701 1.59953
-0.598688 1.59863
-0.593675 1.59771
-0.58866 1.59678
-0.583645 1.59584
-0.57863 1.59487
-0.573613 1.59389
-0.568595 1.5929
-0.563576 1.59189
-0.558556 1.59087
-0.553534 1.58983
-0.548512 1.58877
-0.543487 1.5877
-0.538461 1.58662
-0.533434 1.58552
-0.528405 1.58441
-0.523376 1.58328
-0.518346 1.58214
-0.513317 1.58098
-0.508288 1.5798
-0.503262 1.57861
-0.498238 1.5774
-0.493216 1.57617
-0.488199 1.57492
-0.483185 1.57366
-0.478177 1.57237
-0.473174 1.57106
-0.468177 1.56974
-0.463187 1.56839
-0.458204 1.56702
-0.45323 1.56562
-0.448264 1.56421
-0.443307 1.56277
-0.43836 1.56131
-0.433424 1.55982
-0.428499 1.55831
-0.423585 1.55677
-0.418684 1.5552
-0.413797 1.55361
-0.408923 1.552
-0.404063 1.55035
-0.399218 1.54868
-0.394389 1.54698
-0.389576 1.54524
-0.38478 1.54348
-0.380001 1.54169
-0.37524 1.53987
-0.370499 1.53802
-0.365776 1.53614
-0.361074 1.53422
-0.356392 1.53227
-0.351732 1.53029
-0.347093 1.52827
-0.342477 1.52622
-0.337884 1.52414
-0.333315 1.52201
-0.32877 1.51986
-0.324251 1.51766
-0.319757 1.51543
-0.315289 1.51317
-0.310848 1.51086
-0.306435 1.50852
-0.30205 1.50613
-0.297694 1.50371
-0.293368 1.50125
-0.289071 1.49875
-0.284805 1.4962
-0.280571 1.49361
-0.276369 1.49099
-0.272199 1.48832
-0.268062 1.4856
-0.263959 1.48284
-0.259888 1.48005
-0.25585 1.4772
-0.251844 1.47432
-0.247869 1.4714
-0.243926 1.46843
-0.240013 1.46543
-0.236131 1.46239
-0.232278 1.4593
-0.228456 1.45618
-0.224662 1.45302
-0.220898 1.44983
-0.217161 1.44659
-0.213453 1.44333
-0.209773 1.44002
-0.206119 1.43668
-0.202493 1.4333
-0.198893 1.42989
-0.195319 1.42645
-0.191771 1.42298
-0.188248 1.41947
-0.18475 1.41592
-0.181276 1.41235
-0.177827 1.40875
-0.174401 1.40511
-0.170998 1.40145
-0.167619 1.39775
-0.164262 1.39403
-0.160927 1.39027
-0.157613 1.38649
-0.154321 1.38268
-0.15105 1.37885
-0.1478 1.37499
-0.144569 1.3711
-0.141359 1.36718
-0.138167 1.36324
-0.134995 1.35928
-0.131841 1.35529
-0.128706 1.35128
-0.125588 1.34725
-0.122487 1.34319
-0.119404 1.33911
-0.116337 1.33501
-0.113286 1.33089
-0.110251 1.32675
-0.107232 1.32258
-0.104227 1.3184
-0.101237 1.3142
-0.0982618 1.30998
-0.0952999 1.30575
-0.0923515 1.30149
-0.089416 1.29722
-0.0864933 1.29294
-0.0835827 1.28863
-0.080684 1.28431
-0.0777968 1.27998
-0.0749206 1.27563
-0.0720551 1.27127
-0.0691998 1.2669
-0.0663544 1.26251
-0.0635185 1.25811
-0.0606917 1.2537
-0.0578736 1.24928
-0.0550637 1.24484
-0.0522618 1.2404
-0.0494673 1.23594
-0.04668 1.23148
-0.0438993 1.22701
-0.041125 1.22253
-0.0383566 1.21804
-0.0355938 1.21355
-0.0328361 1.20905
-0.0300831 1.20454
-0.0273344 1.20003
-0.0245897 1.19551
-0.0218486 1.19099
-0.0191106 1.18646
-0.0163754 1.18193
-0.0136425 1.1774
-0.0109117 1.17286
-0.00818236 1.16832
-0.00545425 1.16378
-0.00272693 1.15924
