-1.38778e-17 1.1547
0.00545425 1.16378
0.0109117 1.17286
0.0163754 1.18193
0.0218486 1.19099
0.0273344 1.20003
0.0328361 1.20905
0.0383566 1.21804
0.0438993 1.22701
0.0494673 1.23594
0.0550637 1.24484
0.0606917 1.2537
0.0663544 1.26251
0.0720551 1.27127
0.0777968 1.27998
0.0835827 1.28863
0.089416 1.29722
0.0952999 1.30575
0.101237 1.3142
0.107232 1.32258
0.113286 1.33089
0.119404 1.33911
0.125588 1.34725
0.131841 1.35529
0.138167 1.36324
0.144569 1.3711
0.15105 1.37885
0.157613 1.38649
0.164262 1.39403
0.170998 1.40145
0.177827 1.40875
0.18475 1.41592
0.191771 1.42298
0.198893 1.42989
0.206119 1.43668
0.213453 1.44333
0.220898 1.44983
0.228456 1.45618
0.236131 1.46239
0.243926 1.46843
0.251844 1.47432
0.259888 1.48005
0.268062 1.4856
0.276369 1.49099
0.284805 1.4962
0.293368 1.50125
0.30205 1.50613
0.310848 1.51086
0.319757 1.51543
0.32877 1.51986
0.337884 1.52414
0.347093 1.52827
0.356392 1.53227
0.365776 1.53614
0.37524 1.53987
0.38478 1.54348
0.394389 1.54698
0.404063 1.55035
0.413797 1.55361
0.423585 1.55677
0.433424 1.55982
0.443307 1.56277
0.45323 1.56562
0.463187 1.56839
0.473174 1.57106
0.483185 1.57366
0.493216 1.57617
0.503262 1.57861
0.513317 1.58098
0.523376 1.58328
0.533434 1.58552
0.543487 1.5877
0.553534 1.58983
0.563576 1.59189
0.573613 1.59389
0.583645 1.59584
0.593675 1.59771
0.603701 1.59953
0.613726 1.60128
0.623749 1.60296
0.633771 1.60458
0.643793 1.60613
0.653815 1.6076
0.663839 1.60901
0.673865 1.61034
0.683893 1.6116
0.693924 1.61279
0.70396 1.6139
0.714 1.61494
0.724045 1.61589
0.734096 1.61677
0.744153 1.61757
0.754218 1.61829
0.76429 1.61892
0.774372 1.61947
0.784462 1.61994
0.794562 1.62032
0.804671 1.62061
0.814789 1.62082
0.824913 1.62094
0.835043 1.62098
0.845178 1.62093
0.855317 1.6208
0.865458 1.62057
0.875601 1.62027
0.885744 1.61988
0.895887 1.6194
0.906028 1.61883
0.916166 1.61818
0.926301 1.61745
0.93643 1.61663
0.946554 1.61572
0.956671 1.61473
0.966779 1.61365
0.976878 1.61249
0.986967 1.61124
0.997045 1.6099
1.00711 1.60848
1.01716 1.60698
1.0272 1.60539
1.03722 1.60371
1.04722 1.60195
1.05721 1.6001
1.06718 1.59816
1.07713 1.59613
1.08706 1.59402
1.09697 1.59182
1.10686 1.58952
1.11672 1.58714
1.12656 1.58466
1.13638 1.58209
1.14617 1.57943
1.15593 1.57668
1.16567 1.57383
1.17538 1.57089
1.18506 1.56785
1.19471 1.56472
1.20432 1.5615
1.21391 1.55817
1.22346 1.55475
1.23298 1.55123
1.24247 1.54762
1.25191 1.5439
1.26132 1.54009
1.27069 1.53617
1.28002 1.53216
1.2893 1.52805
1.29854 1.52383
1.30773 1.51952
1.31687 1.5151
1.32597 1.51059
1.33501 1.50597
1.344 1.50125
1.35293 1.49642
1.36181 1.49149
1.37063 1.48646
1.37939 1.48133
1.38809 1.47609
1.39672 1.47075
1.4053 1.4653
1.4138 1.45974
1.42224 1.45408
1.4306 1.44832
1.43889 1.44245
1.44711 1.43648
1.45525 1.4304
1.46331 1.42422
1.47129 1.41793
1.47919 1.41154
1.487 1.40505
1.49472 1.39845
1.50236 1.39175
1.5099 1.38495
1.51734 1.37805
1.5247 1.37104
1.53195 1.36393
1.5391 1.35671
1.54615 1.3494
1.55309 1.34198
1.55993 1.33447
1.56666 1.32685
1.57327 1.31914
1.57978 1.31133
1.58617 1.30343
1.59244 1.29543
1.59859 1.28734
1.60462 1.27916
1.61053 1.2709
1.61632 1.26254
1.62197 1.2541
1.6275 1.24558
1.6329 1.23697
1.63816 1.22828
1.64329 1.21951
1.64828 1.21066
1.65314 1.20173
1.65785 1.19273
1.66242 1.18365
1.66685 1.17451
1.67114 1.1653
1.67529 1.15602
1.67929 1.14668
1.68315 1.13727
1.68687 1.12781
1.69044 1.1183
1.69386 1.10873
1.69714 1.09911
1.70027 1.08944
1.70325 1.07972
1.70608 1.06997
1.70876 1.06017
1.7113 1.05033
1.71368 1.04045
1.71591 1.03054
1.718 1.0206
1.71993 1.01063
1.72172 1.00063
1.72336 0.990602
1.72486 0.980554
1.72621 0.970485
1.72742 0.960397
1.72849 0.950293
1.72942 0.940174
1.7302 0.930043
1.73085 0.919903
1.73135 0.909755
1.73172 0.899602
1.73195 0.889445
1.73205 0.879288
1.73201 0.869132
1.73183 0.858979
1.73153 0.84883
1.73109 0.838687
1.73053 0.82855
1.72983 0.818421
1.72902 0.808301
1.72807 0.798191
1.72701 0.788094
1.72582 0.778009
1.72452 0.767939
1.7231 0.757884
1.72156 0.747846
1.71991 0.737826
1.71814 0.727825
1.71626 0.717845
1.71428 0.707886
1.71218 0.697951
1.70998 0.688041
1.70768 0.678155
1.70527 0.668296
1.70276 0.658463
1.70015 0.648656
1.69744 0.638877
1.69464 0.629125
1.69173 0.619402
1.68874 0.609707
1.68565 0.60004
1.68247 0.590404
1.6792 0.580797
1.67584 0.57122
1.67239 0.561674
1.66886 0.55216
1.66524 0.542677
1.66154 0.533226
1.65776 0.523807
1.6539 0.514422
1.64996 0.505069
1.64595 0.495751
1.64185 0.486467
1.63769 0.477217
1.63345 0.468001
1.62914 0.458819
1.62476 0.449671
1.6203 0.440558
1.61578 0.431479
1.61119 0.422434
1.60653 0.413423
1.60181 0.404447
1.59702 0.395504
1.59217 0.386596
1.58726 0.377723
1.58228 0.368883
1.57724 0.360078
1.57214 0.351307
1.56699 0.34257
1.56177 0.333868
1.5565 0.3252
1.55118 0.316566
1.5458 0.307967
1.54036 0.299402
1.53488 0.290871
1.52934 0.282375
1.52375 0.273913
1.51811 0.265484
1.51242 0.25709
1.50668 0.248729
1.50089 0.240402
1.49506 0.232108
1.48918 0.223847
1.48325 0.21562
1.47727 0.207426
1.47125 0.199266
1.46519 0.191138
1.45908 0.183042
1.45293 0.17498
1.44674 0.16695
1.4405 0.158953
1.43423 0.150988
1.42791 0.143055
1.42155 0.135154
1.41516 0.127286
1.40873 0.119449
1.40225 0.111644
1.39575 0.103871
1.3892 0.0961292
1.38262 0.0884185
1.37601 0.0807387
1.36936 0.0730896
1.36267 0.0654709
1.35595 0.0578823
1.3492 0.0503235
1.34242 0.0427943
1.3356 0.0352944
1.32875 0.0278235
1.32187 0.0203814
1.31495 0.0129679
1.30801 0.0055826
1.30103 -0.00177471
1.29403 -0.0091043
1.287 -0.0164064
1.27993 -0.0236814
1.27284 -0.0309294
1.26572 -0.0381508
1.25858 -0.0453457
1.2514 -0.0525145
1.2442 -0.0596575
1.23698 -0.0667749
1.22972 -0.0738669
1.22245 -0.0809338
1.21515 -0.0879759
1.20782 -0.0949929
1.20047 -0.101985
1.1931 -0.108952
1.1857 -0.115893
1.17828 -0.122809
1.17083 -0.1297
1.16336 -0.136566
1.15587 -0.143406
1.14836 -0.15022
1.14082 -0.157008
1.13326 -0.163771
1.12568 -0.170508
1.11808 -0.177219
1.11046 -0.183904
1.10281 -0.190563
1.09515 -0.197195
1.08746 -0.203802
1.07975 -0.210382
1.07202 -0.216935
1.06428 -0.223463
1.05651 -0.229963
1.04872 -0.236437
1.04092 -0.242884
1.03309 -0.249305
1.02525 -0.255698
1.01738 -0.262065
1.0095 -0.268404
1.0016 -0.274718
0.993688 -0.281008
0.985754 -0.287274
0.977804 -0.293518
0.969838 -0.299741
0.961857 -0.305945
0.953861 -0.312129
0.94585 -0.318297
0.937826 -0.324449
0.929788 -0.330585
0.921737 -0.336708
0.913674 -0.342819
0.905598 -0.348918
0.897511 -0.355007
0.889414 -0.361087
0.881306 -0.36716
0.873187 -0.373226
0.86506 -0.379287
0.856923 -0.385344
0.848778 -0.391398
0.840625 -0.39745
0.832464 -0.403502
0.824297 -0.409555
0.816123 -0.41561
0.807943 -0.421668
0.799757 -0.42773
0.791567 -0.433798
0.783372 -0.439873
0.775172 -0.445954
0.766967 -0.452038
0.758757 -0.458123
0.750541 -0.464206
0.742318 -0.470283
0.734087 -0.476353
0.725849 -0.482411
0.717602 -0.488455
0.709346 -0.494481
0.70108 -0.500488
0.692804 -0.506471
0.684516 -0.512429
0.676218 -0.518358
0.667907 -0.524255
0.659583 -0.530117
0.651246 -0.535941
0.642896 -0.541724
0.63453 -0.547464
0.62615 -0.553157
0.617754 -0.5588
0.609342 -0.564391
0.600912 -0.569927
0.592466 -0.575404
0.584001 -0.580819
0.575518 -0.586171
0.567015 -0.591454
0.558493 -0.596668
0.54995 -0.601808
0.541386 -0.606872
0.532801 -0.611858
0.524194 -0.616766
0.515571 -0.621609
0.506933 -0.626399
0.498286 -0.631149
0.489632 -0.635871
0.480975 -0.640578
0.472319 -0.645282
0.463667 -0.649995
0.455024 -0.65473
0.446392 -0.6595
0.437775 -0.664316
0.429177 -0.669192
0.420602 -0.67414
0.412053 -0.679172
0.403534 -0.684301
0.395048 -0.689539
0.386599 -0.694899
0.378191 -0.700392
0.369827 -0.706033
0.361511 -0.711832
0.353247 -0.717803
0.345038 -0.723959
0.336888 -0.73031
0.3288 -0.73687
0.320778 -0.743652
0.312826 -0.750668
0.304947 -0.75793
0.297146 -0.765451
0.289425 -0.773243
0.281788 -0.781318
0.274239 -0.78969
0.266781 -0.79837
0.259416 -0.80735
0.25214 -0.816609
0.244952 -0.826123
0.237849 -0.83587
0.23083 -0.845827
0.223893 -0.855972
0.217034 -0.86628
0.210254 -0.876731
0.203548 -0.8873
0.196916 -0.897965
0.190354 -0.908703
0.183862 -0.919491
0.177436 -0.930307
0.171075 -0.941127
0.164777 -0.95193
0.158539 -0.962691
0.15236 -0.973388
0.146237 -0.983999
0.140169 -0.9945
0.134153 -1.00487
0.128186 -1.01508
0.122268 -1.02512
0.116396 -1.03495
0.110568 -1.04457
0.104782 -1.05393
0.099035 -1.06303
0.0933259 -1.07183
0.0876523 -1.08032
0.0820122 -1.08847
0.0764033 -1.09626
0.0708237 -1.10367
0.0652713 -1.11067
0.0597439 -1.11724
0.0542395 -1.12336
0.0487561 -1.12901
0.0432914 -1.13416
0.0378434 -1.13879
0.03241 -1.14287
0.0269892 -1.14639
0.0215788 -1.14932
0.0161768 -1.15164
0.0107811 -1.15333
0.00538949 -1.15435
2.83122e-09 -1.1547
-0.00538948 -1.15435
-0.0107811 -1.15333
-0.0161768 -1.15164
-0.0215788 -1.14932
-0.0269892 -1.14639
-0.03241 -1.14287
-0.0378434 -1.13879
-0.0432914 -1.13416
-0.048756 -1.12901
-0.0542395 -1.12336
-0.0597439 -1.11724
-0.0652713 -1.11067
-0.0708237 -1.10367
-0.0764033 -1.09626
-0.0820121 -1.08847
-0.0876523 -1.08032
-0.0933259 -1.07183
-0.099035 -1.06303
-0.104782 -1.05393
-0.110568 -1.04457
-0.116396 -1.03495
-0.122268 -1.02512
-0.128186 -1.01508
-0.134153 -1.00487
-0.140169 -0.9945
-0.146237 -0.983999
-0.15236 -0.973388
-0.158539 -0.962691
-0.164777 -0.95193
-0.171075 -0.941127
-0.177436 -0.930307
-0.183862 -0.919491
-0.190354 -0.908703
-0.196916 -0.897965
-0.203548 -0.8873
-0.210254 -0.876731
-0.217034 -0.86628
-0.223893 -0.855972
-0.23083 -0.845827
-0.237849 -0.83587
-0.244952 -0.826123
-0.25214 -0.816609
-0.259416 -0.80735
-0.266781 -0.79837
-0.274239 -0.78969
-0.281788 -0.781318
-0.289425 -0.773243
-0.297146 -0.765451
-0.304947 -0.75793
-0.312826 -0.750668
-0.320778 -0.743652
-0.3288 -0.73687
-0.336888 -0.73031
-0.345038 -0.723959
-0.353247 -0.717803
-0.361511 -0.711832
-0.369827 -0.706033
-0.378191 -0.700392
-0.386599 -0.694899
-0.395048 -0.689539
-0.403534 -0.684301
-0.412053 -0.679172
-0.420602 -0.67414
-0.429177 -0.669192
-0.437775 -0.664316
-0.446392 -0.6595
-0.455024 -0.65473
-0.463667 -0.649995
-0.472319 -0.645282
-0.480975 -0.640578
-0.489632 -0.635871
-0.498286 -0.631149
-0.506933 -0.626399
-0.515571 -0.621609
-0.524194 -0.616766
-0.532801 -0.611858
-0.541386 -0.606872
-0.54995 -0.601808
-0.558493 -0.596668
-0.567015 -0.591454
-0.575518 -0.586171
-0.584001 -0.580819
-0.592466 -0.575404
-0.600912 -0.569927
-0.609342 -0.564391
-0.617754 -0.558801
-0.62615 -0.553157
-0.63453 -0.547464
-0.642896 -0.541724
-0.651246 -0.535941
-0.659583 -0.530117
-0.667907 -0.524255
-0.676218 -0.518358
-0.684516 -0.512429
-0.692804 -0.506471
-0.70108 -0.500488
-0.709346 -0.494481
-0.717602 -0.488455
-0.725849 -0.482411
-0.734087 -0.476353
-0.742318 -0.470283
-0.750541 -0.464206
-0.758757 -0.458123
-0.766967 -0.452038
-0.775172 -0.445954
-0.783372 -0.439873
-0.791567 -0.433798
-0.799757 -0.42773
-0.807943 -0.421668
-0.816123 -0.41561
-0.824297 -0.409555
-0.832464 -0.403502
-0.840625 -0.39745
-0.848778 -0.391398
-0.856923 -0.385344
-0.86506 -0.379287
-0.873187 -0.373226
-0.881306 -0.36716
-0.889414 -0.361087
-0.897511 -0.355007
-0.905598 -0.348918
-0.913674 -0.342819
-0.921737 -0.336708
-0.929788 -0.330585
-0.937826 -0.324449
-0.94585 -0.318297
-0.953861 -0.312129
-0.961857 -0.305945
-0.969838 -0.299741
-0.977804 -0.293518
-0.985754 -0.287274
-0.993688 -0.281008
-1.0016 -0.274718
-1.0095 -0.268404
-1.01738 -0.262065
-1.02525 -0.255698
-1.03309 -0.249305
-1.04092 -0.242884
-1.04872 -0.236437
-1.05651 -0.229963
-1.06428 -0.223463
-1.07202 -0.216935
-1.07975 -0.210382
-1.08746 -0.203802
-1.09515 -0.197195
-1.10281 -0.190563
-1.11046 -0.183904
-1.11808 -0.177219
-1.12568 -0.170508
-1.13326 -0.163771
-1.14082 -0.157008
-1.14836 -0.15022
-1.15587 -0.143406
-1.16336 -0.136566
-1.17083 -0.1297
-1.17828 -0.122809
-1.1857 -0.115893
-1.1931 -0.108952
-1.20047 -0.101985
-1.20782 -0.0949929
-1.21515 -0.0879759
-1.22245 -0.0809338
-1.22972 -0.0738669
-1.23698 -0.0667749
-1.2442 -0.0596575
-1.2514 -0.0525145
-1.25858 -0.0453457
-1.26572 -0.0381508
-1.27284 -0.0309294
-1.27993 -0.0236814
-1.287 -0.0164064
-1.29403 -0.00910431
-1.30103 -0.00177472
-1.30801 0.00558259
-1.31495 0.0129679
-1.32187 0.0203814
-1.32875 0.0278235
-1.3356 0.0352944
-1.34242 0.0427943
-1.3492 0.0503235
-1.35595 0.0578823
-1.36267 0.0654709
-1.36936 0.0730896
-1.37601 0.0807387
-1.38262 0.0884185
-1.3892 0.0961291
-1.39575 0.103871
-1.40225 0.111644
-1.40873 0.119449
-1.41516 0.127286
-1.42155 0.135154
-1.42791 0.143055
-1.43423 0.150988
-1.4405 0.158953
-1.44674 0.16695
-1.45293 0.17498
-1.45908 0.183042
-1.46519 0.191138
-1.47125 0.199266
-1.47727 0.207426
-1.48325 0.21562
-1.48918 0.223847
-1.49506 0.232108
-1.50089 0.240402
-1.50668 0.248729
-1.51242 0.25709
-1.51811 0.265484
-1.52375 0.273913
-1.52934 0.282375
-1.53488 0.290871
-1.54036 0.299402
-1.5458 0.307967
-1.55118 0.316566
-1.5565 0.3252
-1.56177 0.333868
-1.56699 0.34257
-1.57214 0.351307
-1.57724 0.360078
-1.58228 0.368883
-1.58726 0.377723
-1.59217 0.386596
-1.59702 0.395504
-1.60181 0.404447
-1.60653 0.413423
-1.61119 0.422434
-1.61578 0.431479
-1.6203 0.440558
-1.62476 0.449671
-1.62914 0.458819
-1.63345 0.468001
-1.63769 0.477217
-1.64185 0.486467
-1.64595 0.495751
-1.64996 0.505069
-1.6539 0.514422
-1.65776 0.523807
-1.66154 0.533226
-1.66524 0.542677
-1.66886 0.55216
-1.67239 0.561674
-1.67584 0.57122
-1.6792 0.580797
-1.68247 0.590404
-1.68565 0.60004
-1.68874 0.609707
-1.69173 0.619402
-1.69464 0.629125
-1.69744 0.638877
-1.70015 0.648656
-1.70276 0.658463
-1.70527 0.668296
-1.70768 0.678155
-1.70998 0.688041
-1.71218 0.697951
-1.71428 0.707886
-1.71626 0.717845
-1.71814 0.727825
-1.71991 0.737826
-1.72156 0.747846
-1.7231 0.757884
-1.72452 0.767939
-1.72582 0.778009
-1.72701 0.788094
-1.72807 0.798191
-1.72902 0.808301
-1.72983 0.818421
-1.73053 0.82855
-1.73109 0.838687
-1.73153 0.84883
-1.73183 0.858979
-1.73201 0.869132
-1.73205 0.879288
-1.73195 0.889445
-1.73172 0.899602
-1.73135 0.909755
-1.73085 0.919903
-1.7302 0.930043
-1.72942 0.940174
-1.72849 0.950293
-1.72742 0.960397
-1.72621 0.970485
-1.72486 0.980554
-1.72336 0.990602
-1.72172 1.00063
-1.71993 1.01063
-1.718 1.0206
-1.71591 1.03054
-1.71368 1.04045
-1.7113 1.05033
-1.70876 1.06017
-1.70608 1.06997
-1.70325 1.07972
-1.70027 1.08944
-1.69714 1.09911
-1.69386 1.10873
-1.69044 1.1183
-1.68687 1.12781
-1.68315 1.13727
-1.67929 1.14668
-1.67529 1.15602
-1.67114 1.1653
-1.66685 1.17451
-1.66242 1.18365
-1.65785 1.19273
-1.65314 1.20173
-1.64828 1.21066
-1.64329 1.21951
-1.63816 1.22828
-1.6329 1.23697
-1.6275 1.24558
-1.62197 1.2541
-1.61632 1.26254
-1.61053 1.2709
-1.60462 1.27916
-1.59859 1.28734
-1.59244 1.29543
-1.58617 1.30343
-1.57978 1.31133
-1.57327 1.31914
-1.56666 1.32685
-1.55993 1.33447
-1.55309 1.34198
-1.54615 1.3494
-1.5391 1.35671
-1.53195 1.36393
-1.5247 1.37104
-1.51734 1.37805
-1.5099 1.38495
-1.50236 1.39175
-1.49472 1.39845
-1.487 1.40505
-1.47919 1.41154
-1.47129 1.41793
-1.46331 1.42422
-1.45525 1.4304
-1.44711 1.43648
-1.43889 1.44245
-1.4306 1.44832
-1.42224 1.45408
-1.4138 1.45974
-1.4053 1.4653
-1.39672 1.47075
-1.38809 1.47609
-1.37939 1.48133
-1.37063 1.48646
-1.36181 1.49149
-1.35293 1.49642
-1.344 1.50125
-1.33501 1.50597
-1.32597 1.51059
-1.31687 1.5151
-1.30773 1.51952
-1.29854 1.52383
-1.2893 1.52805
-1.28002 1.53216
-1.27069 1.53617
-1.26132 1.54009
-1.25191 1.5439
-1.24247 1.54762
-1.23298 1.55123
-1.22346 1.55475
-1.21391 1.55817
-1.20432 1.5615
-1.19471 1.56472
-1.18506 1.56785
-1.17538 1.57089
-1.16567 1.57383
-1.15593 1.57668
-1.14617 1.57943
-1.13638 1.58209
-1.12656 1.58466
-1.11672 1.58714
-1.10686 1.58952
-1.09697 1.59182
-1.08706 1.59402
-1.07713 1.59613
-1.06718 1.59816
-1.05721 1.6001
-1.04722 1.60195
-1.03722 1.60371
-1.0272 1.60539
-1.01716 1.60698
-1.00711 1.60848
-0.997045 1.6099
-0.986967 1.61124
-0.976878 1.61249
-0.966779 1.61365
-0.956671 1.61473
-0.946554 1.61572
-0.93643 1.61663
-0.926301 1.61745
-0.916166 1.61818
-0.906028 1.61883
-0.895887 1.6194
-0.885744 1.61988
-0.875601 1.62027
-0.865458 1.62057
-0.855317 1.6208
-0.845178 1.62093
-0.835043 1.62098
-0.824913 1.62094
-0.814789 1.62082
-0.804671 1.62061
-0.794562 1.62032
-0.784462 1.61994
-0.774372 1.61947
-0.76429 1.61892
-0.754218 1.61829
-0.744153 1.61757
-0.734096 1.61677
-0.724045 1.61589
-0.714 1.61494
-0.70396 1.6139
-0.693924 1.61279
-0.683893 1.6116
-0.673865 1.61034
-0.663839 1.60901
-0.653815 1.6076
-0.643793 1.60613
-0.633771 1.60458
-0.623749 1.60296
-0.613726 1.60128
-0.603701 1.59953
-0.593675 1.59771
-0.583645 1.59584
-0.573613 1.59389
-0.563576 1.59189
-0.553534 1.58983
-0.543487 1.5877
-0.533434 1.58552
-0.523376 1.58328
-0.513317 1.58098
-0.503262 1.57861
-0.493216 1.57617
-0.483185 1.57366
-0.473174 1.57106
-0.463187 1.56839
-0.45323 1.56562
-0.443307 1.56277
-0.433424 1.55982
-0.423585 1.55677
-0.413797 1.55361
-0.404063 1.55035
-0.394389 1.54698
-0.38478 1.54348
-0.37524 1.53987
-0.365776 1.53614
-0.356392 1.53227
-0.347093 1.52827
-0.337884 1.52414
-0.32877 1.51986
-0.319757 1.51543
-0.310848 1.51086
-0.30205 1.50613
-0.293368 1.50125
-0.284805 1.4962
-0.276369 1.49099
-0.268062 1.4856
-0.259888 1.48005
-0.251844 1.47432
-0.243926 1.46843
-0.236131 1.46239
-0.228456 1.45618
-0.220898 1.44983
-0.213453 1.44333
-0.206119 1.43668
-0.198893 1.42989
-0.191771 1.42298
-0.18475 1.41592
-0.177827 1.40875
-0.170998 1.40145
-0.164262 1.39403
-0.157613 1.38649
-0.15105 1.37885
-0.144569 1.3711
-0.138167 1.36324
-0.131841 1.35529
-0.125588 1.34725
-0.119404 1.33911
-0.113286 1.33089
-0.107232 1.32258
-0.101237 1.3142
-0.0952999 1.30575
-0.089416 1.29722
-0.0835827 1.28863
-0.0777968 1.27998
-0.0720551 1.27127
-0.0663544 1.26251
-0.0606917 1.2537
-0.0550637 1.24484
-0.0494673 1.23594
-0.0438993 1.22701
-0.0383566 1.21804
-0.0328361 1.20905
-0.0273344 1.20003
-0.0218486 1.19099
-0.0163754 1.18193
-0.0109117 1.17286
-0.00545425 1.16378
3.41061e-13 1.1547
