5.37764e-17 1.1547
0.00124986 1.1649
0.00255699 1.17507
0.00397866 1.18521
0.00557214 1.1953
0.0073947 1.20531
0.0095036 1.21523
0.0119561 1.22503
0.0148095 1.23471
0.0181211 1.24424
0.0219379 1.2536
0.0262223 1.2628
0.0308943 1.27183
0.0358737 1.28071
0.0410959 1.28944
0.0465451 1.29801
0.0522153 1.30643
0.0581004 1.3147
0.0641943 1.32281
0.0704906 1.33076
0.0769805 1.33857
0.0836532 1.34622
0.0904983 1.35372
0.097505 1.36108
0.104663 1.36829
0.111961 1.37537
0.119389 1.38231
0.126936 1.38911
0.134596 1.39579
0.142365 1.40234
0.150237 1.40875
0.158209 1.41505
0.166276 1.42122
0.174435 1.42727
0.182682 1.43321
0.191011 1.43903
0.19942 1.44473
0.207903 1.45033
0.216457 1.45581
0.225077 1.46119
0.23376 1.46647
0.242503 1.47164
0.251306 1.4767
0.260166 1.48167
0.269081 1.48654
0.278051 1.4913
0.287073 1.49597
0.296146 1.50054
0.305269 1.50502
0.314438 1.50939
0.323654 1.51368
0.332914 1.51787
0.342217 1.52197
0.35156 1.52598
0.360943 1.5299
0.370364 1.53373
0.37982 1.53747
0.389311 1.54113
0.398835 1.5447
0.40839 1.54818
0.417975 1.55158
0.427589 1.5549
0.437231 1.55813
0.446901 1.56128
0.456598 1.56434
0.466321 1.56733
0.476068 1.57023
0.485841 1.57304
0.495637 1.57578
0.505455 1.57843
0.515296 1.581
0.525158 1.58349
0.535041 1.5859
0.544943 1.58822
0.554864 1.59047
0.564804 1.59263
0.574761 1.59471
0.584734 1.59671
0.594723 1.59864
0.604727 1.60048
0.614746 1.60224
0.624778 1.60392
0.634822 1.60552
0.644879 1.60704
0.654946 1.60849
0.665024 1.60985
0.675112 1.61114
0.685208 1.61235
0.695312 1.61348
0.705424 1.61453
0.715542 1.6155
0.725667 1.61639
0.735797 1.61721
0.745932 1.61795
0.756073 1.6186
0.766218 1.61918
0.776366 1.61967
0.786519 1.62009
0.796674 1.62042
0.806832 1.62067
0.816992 1.62084
0.827154 1.62093
0.837317 1.62094
0.847481 1.62086
0.857645 1.6207
0.867809 1.62046
0.877973 1.62013
0.888135 1.61972
0.898296 1.61922
0.908455 1.61864
0.918612 1.61798
0.928766 1.61722
0.938916 1.61639
0.949063 1.61546
0.959205 1.61445
0.969343 1.61336
0.979476 1.61217
0.989603 1.6109
0.999724 1.60954
1.00984 1.60809
1.01995 1.60655
1.03005 1.60492
1.04014 1.60321
1.05022 1.6014
1.0603 1.59951
1.07036 1.59752
1.08042 1.59544
1.09047 1.59328
1.1005 1.59102
1.11053 1.58867
1.12054 1.58622
1.13054 1.58369
1.14052 1.58106
1.15049 1.57833
1.16043 1.57552
1.17036 1.5726
1.18026 1.5696
1.19013 1.56649
1.19997 1.56329
1.20979 1.55999
1.21957 1.5566
1.22931 1.5531
1.23902 1.54951
1.24869 1.54582
1.25832 1.54202
1.2679 1.53813
1.27744 1.53413
1.28693 1.53004
1.29637 1.52584
1.30576 1.52154
1.31509 1.51713
1.32437 1.51262
1.33359 1.50801
1.34275 1.50329
1.35185 1.49846
1.36088 1.49353
1.36984 1.48849
1.37874 1.48334
1.38756 1.47809
1.39631 1.47273
1.40498 1.46726
1.41358 1.46167
1.4221 1.45598
1.43053 1.45018
1.43888 1.44426
1.44715 1.43824
1.45533 1.4321
1.46341 1.42584
1.4714 1.41948
1.4793 1.413
1.4871 1.4064
1.49481 1.39969
1.50241 1.39286
1.5099 1.38592
1.5173 1.37886
1.52458 1.37168
1.53175 1.36438
1.53882 1.35697
1.54577 1.34943
1.5526 1.34178
1.55932 1.33401
1.56592 1.32614
1.57241 1.31815
1.57878 1.31006
1.58503 1.30186
1.59116 1.29356
1.59717 1.28517
1.60306 1.27668
1.60883 1.26809
1.61448 1.25941
1.62001 1.25065
1.62541 1.24179
1.63069 1.23286
1.63584 1.22384
1.64087 1.21474
1.64577 1.20557
1.65055 1.19633
1.6552 1.18701
1.65972 1.17763
1.66411 1.16818
1.66837 1.15867
1.6725 1.14909
1.6765 1.13946
1.68037 1.12977
1.6841 1.12003
1.6877 1.11024
1.69117 1.1004
1.6945 1.09052
1.6977 1.08059
1.70076 1.07062
1.70368 1.06061
1.70647 1.05057
1.70912 1.0405
1.71162 1.03039
1.71399 1.02026
1.71622 1.01011
1.71831 0.999926
1.72025 0.989726
1.72205 0.979508
1.72371 0.969276
1.72523 0.959031
1.7266 0.948776
1.72782 0.938514
1.7289 0.928246
1.72983 0.917977
1.73061 0.907708
1.73124 0.897441
1.73173 0.88718
1.73206 0.876927
1.73225 0.866683
1.73228 0.856451
1.73217 0.84623
1.73192 0.83602
1.73152 0.825823
1.73097 0.815639
1.73029 0.805469
1.72947 0.795312
1.72852 0.785169
1.72742 0.775042
1.7262 0.76493
1.72485 0.754834
1.72336 0.744754
1.72175 0.734692
1.72001 0.724647
1.71815 0.71462
1.71616 0.704612
1.71406 0.694622
1.71184 0.684653
1.7095 0.674703
1.70704 0.664774
1.70447 0.654866
1.70179 0.64498
1.699 0.635116
1.6961 0.625274
1.69309 0.615456
1.68998 0.605662
1.68677 0.595892
1.68346 0.586146
1.68004 0.576426
1.67653 0.566732
1.67293 0.557063
1.66922 0.547422
1.66543 0.537808
1.66155 0.528222
1.65757 0.518664
1.65352 0.509136
1.64937 0.499636
1.64514 0.490167
1.64083 0.480727
1.63644 0.471319
1.63198 0.461943
1.62743 0.452598
1.62281 0.443286
1.61812 0.434007
1.61336 0.424761
1.60853 0.415549
1.60363 0.406372
1.59866 0.39723
1.59363 0.388124
1.58854 0.379054
1.58339 0.37002
1.57818 0.361024
1.57291 0.352065
1.56758 0.343144
1.56221 0.334262
1.55678 0.32542
1.5513 0.316617
1.54578 0.307854
1.5402 0.299132
1.53459 0.290451
1.52893 0.281812
1.52322 0.273213
1.51747 0.264656
1.51168 0.256138
1.50585 0.247661
1.49998 0.239224
1.49406 0.230826
1.48811 0.222467
1.48211 0.214147
1.47607 0.205866
1.47 0.197623
1.46388 0.189418
1.45772 0.181251
1.45153 0.173121
1.4453 0.165028
1.43902 0.156973
1.43271 0.148953
1.42637 0.14097
1.41999 0.133023
1.41357 0.125112
1.40711 0.117235
1.40062 0.109394
1.39409 0.101588
1.38753 0.0938156
1.38093 0.0860778
1.3743 0.0783737
1.36763 0.0707032
1.36093 0.0630659
1.3542 0.0554615
1.34744 0.0478898
1.34064 0.0403505
1.33381 0.0328431
1.32695 0.0253676
1.32005 0.0179234
1.31313 0.0105104
1.30617 0.00312831
1.29919 -0.00422328
1.29217 -0.0115446
1.28513 -0.018836
1.27806 -0.0260977
1.27095 -0.0333301
1.26382 -0.0405334
1.25666 -0.047708
1.24948 -0.0548541
1.24227 -0.061972
1.23502 -0.0690621
1.22776 -0.0761246
1.22046 -0.0831598
1.21315 -0.0901681
1.2058 -0.0971497
1.19843 -0.104105
1.19104 -0.111034
1.18362 -0.117937
1.17618 -0.124815
1.16871 -0.131668
1.16122 -0.138496
1.15371 -0.145299
1.14618 -0.152078
1.13862 -0.158833
1.13104 -0.165564
1.12344 -0.172272
1.11582 -0.178957
1.10818 -0.185619
1.10052 -0.192259
1.09284 -0.198876
1.08514 -0.205471
1.07742 -0.212044
1.06968 -0.218596
1.06192 -0.225126
1.05414 -0.231635
1.04635 -0.238123
1.03854 -0.24459
1.0307 -0.251037
1.02286 -0.257463
1.01499 -0.263869
1.00711 -0.270255
0.999205 -0.276621
0.991288 -0.282967
0.983355 -0.289295
0.975405 -0.295603
0.96744 -0.301892
0.959459 -0.308163
0.951463 -0.314415
0.943451 -0.320649
0.935425 -0.326865
0.927384 -0.333063
0.919329 -0.339244
0.91126 -0.345407
0.903177 -0.351553
0.895081 -0.357682
0.886971 -0.363794
0.878849 -0.36989
0.870713 -0.375969
0.862565 -0.382032
0.854405 -0.38808
0.846233 -0.394111
0.838049 -0.400128
0.829854 -0.406128
0.821647 -0.412114
0.81343 -0.418085
0.805201 -0.424042
0.796963 -0.429984
0.788714 -0.435911
0.780455 -0.441825
0.772187 -0.447725
0.763909 -0.453612
0.755622 -0.459485
0.747326 -0.465345
0.739022 -0.471192
0.730709 -0.477026
0.722388 -0.482848
0.714059 -0.488657
0.705723 -0.494455
0.697379 -0.500241
0.689028 -0.506015
0.680671 -0.511778
0.672307 -0.51753
0.663937 -0.523273
0.655561 -0.529006
0.64718 -0.53473
0.638794 -0.540447
0.630404 -0.546155
0.622009 -0.551857
0.613611 -0.557552
0.605209 -0.563241
0.596804 -0.568924
0.588396 -0.574603
0.579986 -0.580278
0.571573 -0.585949
0.563159 -0.591617
0.554744 -0.597283
0.546327 -0.602946
0.53791 -0.608608
0.529493 -0.61427
0.521076 -0.619931
0.512659 -0.625593
0.504243 -0.631255
0.495828 -0.63692
0.487415 -0.642586
0.479004 -0.648255
0.470594 -0.653927
0.462188 -0.659603
0.453784 -0.665283
0.445384 -0.670968
0.436988 -0.676659
0.428595 -0.682356
0.420207 -0.68806
0.411824 -0.69377
0.403446 -0.699489
0.395073 -0.705216
0.386708 -0.710954
0.37835 -0.716703
0.370002 -0.722466
0.361664 -0.728244
0.353337 -0.73404
0.345024 -0.739854
0.336725 -0.745689
0.328442 -0.751546
0.320175 -0.757427
0.311926 -0.763333
0.303696 -0.769267
0.295487 -0.775231
0.287299 -0.781225
0.279134 -0.787251
0.270994 -0.793312
0.262878 -0.799409
0.25479 -0.805543
0.246729 -0.811717
0.238697 -0.817933
0.230696 -0.824191
0.222726 -0.830494
0.21479 -0.836843
0.206891 -0.843241
0.199033 -0.849689
0.19122 -0.856191
0.183455 -0.862747
0.175743 -0.869361
0.168087 -0.876035
0.160491 -0.88277
0.152959 -0.889568
0.145494 -0.896433
0.138101 -0.903365
0.130782 -0.910368
0.123543 -0.917444
0.116387 -0.924595
0.109323 -0.931833
0.102363 -0.939174
0.0955173 -0.946632
0.0887966 -0.954221
0.0822119 -0.961956
0.075774 -0.969853
0.0694939 -0.977925
0.0633823 -0.986186
0.0574487 -0.994613
0.0517007 -1.00314
0.046146 -1.01169
0.0407923 -1.0202
0.0356473 -1.02861
0.0307296 -1.03692
0.0261077 -1.04553
0.0218636 -1.05492
0.0180792 -1.06561
0.0147925 -1.07772
0.0119568 -1.09072
0.00951575 -1.10399
0.00741298 -1.11691
0.00559211 -1.12887
0.00399676 -1.13924
0.00257054 -1.14742
0.00125708 -1.15278
8.25366e-10 -1.1547
-0.00125708 -1.15278
-0.00257054 -1.14742
-0.00399676 -1.13924
-0.00559211 -1.12887
-0.00741298 -1.11691
-0.00951575 -1.10399
-0.0119568 -1.09072
-0.0147925 -1.07772
-0.0180792 -1.06561
-0.0218636 -1.05492
-0.0261077 -1.04553
-0.0307296 -1.03692
-0.0356473 -1.02861
-0.0407923 -1.0202
-0.046146 -1.01169
-0.0517007 -1.00314
-0.0574486 -0.994613
-0.0633823 -0.986186
-0.0694939 -0.977925
-0.075774 -0.969853
-0.0822119 -0.961956
-0.0887966 -0.954221
-0.0955173 -0.946632
-0.102363 -0.939174
-0.109323 -0.931833
-0.116387 -0.924595
-0.123543 -0.917444
-0.130782 -0.910368
-0.138101 -0.903365
-0.145494 -0.896433
-0.152959 -0.889568
-0.160491 -0.88277
-0.168087 -0.876035
-0.175743 -0.869361
-0.183455 -0.862747
-0.19122 -0.856191
-0.199033 -0.849689
-0.206891 -0.843241
-0.21479 -0.836843
-0.222726 -0.830494
-0.230696 -0.824191
-0.238697 -0.817933
-0.246729 -0.811717
-0.25479 -0.805543
-0.262878 -0.799409
-0.270994 -0.793312
-0.279134 -0.787251
-0.287299 -0.781225
-0.295487 -0.775231
-0.303696 -0.769267
-0.311926 -0.763333
-0.320175 -0.757427
-0.328442 -0.751546
-0.336725 -0.745689
-0.345024 -0.739854
-0.353337 -0.73404
-0.361664 -0.728244
-0.370002 -0.722466
-0.37835 -0.716703
-0.386708 -0.710954
-0.395073 -0.705216
-0.403446 -0.699489
-0.411824 -0.69377
-0.420207 -0.68806
-0.428595 -0.682356
-0.436988 -0.676659
-0.445384 -0.670968
-0.453784 -0.665283
-0.462188 -0.659603
-0.470594 -0.653927
-0.479004 -0.648255
-0.487415 -0.642586
-0.495828 -0.63692
-0.504243 -0.631255
-0.512659 -0.625593
-0.521076 -0.619931
-0.529493 -0.61427
-0.53791 -0.608608
-0.546327 -0.602946
-0.554744 -0.597283
-0.563159 -0.591617
-0.571573 -0.585949
-0.579986 -0.580278
-0.588396 -0.574603
-0.596804 -0.568924
-0.605209 -0.563241
-0.613611 -0.557552
-0.622009 -0.551857
-0.630404 -0.546155
-0.638794 -0.540447
-0.64718 -0.53473
-0.655561 -0.529006
-0.663937 -0.523273
-0.672307 -0.51753
-0.680671 -0.511778
-0.689028 -0.506015
-0.697379 -0.500241
-0.705723 -0.494455
-0.714059 -0.488658
-0.722388 -0.482848
-0.730709 -0.477026
-0.739022 -0.471192
-0.747326 -0.465345
-0.755622 -0.459485
-0.763909 -0.453612
-0.772187 -0.447725
-0.780455 -0.441825
-0.788714 -0.435911
-0.796963 -0.429984
-0.805201 -0.424042
-0.81343 -0.418085
-0.821647 -0.412114
-0.829854 -0.406128
-0.838049 -0.400128
-0.846233 -0.394111
-0.854405 -0.38808
-0.862565 -0.382032
-0.870713 -0.375969
-0.878849 -0.36989
-0.886971 -0.363794
-0.895081 -0.357682
-0.903177 -0.351553
-0.91126 -0.345407
-0.919329 -0.339244
-0.927384 -0.333063
-0.935425 -0.326865
-0.943451 -0.320649
-0.951462 -0.314415
-0.959459 -0.308163
-0.96744 -0.301892
-0.975405 -0.295603
-0.983355 -0.289295
-0.991288 -0.282967
-0.999205 -0.276621
-1.00711 -0.270255
-1.01499 -0.263869
-1.02286 -0.257463
-1.0307 -0.251037
-1.03854 -0.24459
-1.04635 -0.238123
-1.05414 -0.231635
-1.06192 -0.225126
-1.06968 -0.218596
-1.07742 -0.212044
-1.08514 -0.205471
-1.09284 -0.198876
-1.10052 -0.192259
-1.10818 -0.185619
-1.11582 -0.178957
-1.12344 -0.172272
-1.13104 -0.165564
-1.13862 -0.158833
-1.14618 -0.152078
-1.15371 -0.145299
-1.16122 -0.138496
-1.16871 -0.131668
-1.17618 -0.124815
-1.18362 -0.117937
-1.19104 -0.111034
-1.19843 -0.104105
-1.2058 -0.0971497
-1.21315 -0.0901681
-1.22046 -0.0831598
-1.22776 -0.0761246
-1.23502 -0.0690621
-1.24227 -0.061972
-1.24948 -0.0548541
-1.25666 -0.047708
-1.26382 -0.0405334
-1.27095 -0.0333301
-1.27806 -0.0260977
-1.28513 -0.018836
-1.29217 -0.0115446
-1.29919 -0.00422329
-1.30617 0.0031283
-1.31313 0.0105104
-1.32005 0.0179234
-1.32695 0.0253676
-1.33381 0.0328431
-1.34064 0.0403505
-1.34744 0.0478898
-1.3542 0.0554615
-1.36093 0.0630659
-1.36763 0.0707032
-1.3743 0.0783737
-1.38093 0.0860777
-1.38753 0.0938156
-1.39409 0.101588
-1.40062 0.109394
-1.40711 0.117235
-1.41357 0.125112
-1.41999 0.133023
-1.42637 0.14097
-1.43271 0.148953
-1.43902 0.156973
-1.4453 0.165028
-1.45153 0.173121
-1.45772 0.181251
-1.46388 0.189418
-1.47 0.197623
-1.47607 0.205866
-1.48211 0.214147
-1.48811 0.222467
-1.49406 0.230826
-1.49998 0.239223
-1.50585 0.247661
-1.51168 0.256138
-1.51747 0.264656
-1.52322 0.273213
-1.52892 0.281812
-1.53459 0.290451
-1.5402 0.299132
-1.54578 0.307854
-1.5513 0.316617
-1.55678 0.32542
-1.56221 0.334262
-1.56758 0.343144
-1.57291 0.352065
-1.57818 0.361024
-1.58339 0.37002
-1.58854 0.379054
-1.59363 0.388124
-1.59866 0.39723
-1.60363 0.406372
-1.60853 0.415549
-1.61336 0.424761
-1.61812 0.434007
-1.62281 0.443286
-1.62743 0.452598
-1.63198 0.461943
-1.63644 0.471319
-1.64083 0.480727
-1.64514 0.490167
-1.64937 0.499636
-1.65352 0.509136
-1.65757 0.518664
-1.66155 0.528222
-1.66543 0.537808
-1.66922 0.547422
-1.67293 0.557063
-1.67653 0.566732
-1.68004 0.576426
-1.68346 0.586146
-1.68677 0.595892
-1.68998 0.605662
-1.69309 0.615456
-1.6961 0.625274
-1.699 0.635116
-1.70179 0.64498
-1.70447 0.654866
-1.70704 0.664774
-1.7095 0.674703
-1.71184 0.684653
-1.71406 0.694622
-1.71616 0.704612
-1.71815 0.71462
-1.72001 0.724647
-1.72175 0.734692
-1.72336 0.744754
-1.72485 0.754834
-1.7262 0.76493
-1.72742 0.775042
-1.72852 0.785169
-1.72947 0.795312
-1.73029 0.805469
-1.73097 0.815639
-1.73152 0.825823
-1.73192 0.83602
-1.73217 0.84623
-1.73228 0.856451
-1.73225 0.866683
-1.73206 0.876927
-1.73173 0.88718
-1.73124 0.897441
-1.73061 0.907708
-1.72983 0.917977
-1.7289 0.928246
-1.72782 0.938514
-1.7266 0.948776
-1.72523 0.959031
-1.72371 0.969276
-1.72205 0.979508
-1.72025 0.989726
-1.71831 0.999926
-1.71622 1.01011
-1.71399 1.02026
-1.71162 1.03039
-1.70912 1.0405
-1.70647 1.05057
-1.70368 1.06061
-1.70076 1.07062
-1.6977 1.08059
-1.6945 1.09052
-1.69117 1.1004
-1.6877 1.11024
-1.6841 1.12003
-1.68037 1.12977
-1.6765 1.13946
-1.6725 1.14909
-1.66837 1.15867
-1.66411 1.16818
-1.65972 1.17763
-1.6552 1.18701
-1.65055 1.19633
-1.64577 1.20557
-1.64087 1.21474
-1.63584 1.22384
-1.63069 1.23286
-1.62541 1.24179
-1.62001 1.25065
-1.61448 1.25941
-1.60883 1.26809
-1.60306 1.27668
-1.59717 1.28517
-1.59116 1.29356
-1.58503 1.30186
-1.57878 1.31006
-1.57241 1.31815
-1.56592 1.32614
-1.55932 1.33401
-1.5526 1.34178
-1.54577 1.34943
-1.53882 1.35697
-1.53175 1.36438
-1.52458 1.37168
-1.5173 1.37886
-1.5099 1.38592
-1.50241 1.39286
-1.49481 1.39969
-1.4871 1.4064
-1.4793 1.413
-1.4714 1.41948
-1.46341 1.42584
-1.45533 1.4321
-1.44715 1.43824
-1.43888 1.44426
-1.43053 1.45018
-1.4221 1.45598
-1.41358 1.46167
-1.40498 1.46726
-1.39631 1.47273
-1.38756 1.47809
-1.37874 1.48334
-1.36984 1.48849
-1.36088 1.49353
-1.35185 1.49846
-1.34275 1.50329
-1.33359 1.50801
-1.32437 1.51262
-1.31509 1.51713
-1.30576 1.52154
-1.29637 1.52584
-1.28693 1.53004
-1.27744 1.53413
-1.2679 1.53813
-1.25832 1.54202
-1.24869 1.54582
-1.23902 1.54951
-1.22931 1.5531
-1.21957 1.5566
-1.20979 1.55999
-1.19997 1.56329
-1.19013 1.56649
-1.18026 1.5696
-1.17036 1.5726
-1.16043 1.57552
-1.15049 1.57833
-1.14052 1.58106
-1.13054 1.58369
-1.12054 1.58622
-1.11053 1.58867
-1.1005 1.59102
-1.09047 1.59328
-1.08042 1.59544
-1.07036 1.59752
-1.0603 1.59951
-1.05022 1.6014
-1.04014 1.60321
-1.03005 1.60492
-1.01995 1.60655
-1.00984 1.60809
-0.999724 1.60954
-0.989603 1.6109
-0.979476 1.61217
-0.969343 1.61336
-0.959206 1.61445
-0.949063 1.61546
-0.938916 1.61639
-0.928766 1.61722
-0.918612 1.61798
-0.908455 1.61864
-0.898296 1.61922
-0.888135 1.61972
-0.877973 1.62013
-0.867809 1.62046
-0.857645 1.6207
-0.847481 1.62086
-0.837317 1.62094
-0.827154 1.62093
-0.816992 1.62084
-0.806832 1.62067
-0.796674 1.62042
-0.786519 1.62009
-0.776366 1.61967
-0.766218 1.61918
-0.756073 1.6186
-0.745932 1.61795
-0.735797 1.61721
-0.725667 1.61639
-0.715542 1.6155
-0.705424 1.61453
-0.695312 1.61348
-0.685208 1.61235
-0.675112 1.61114
-0.665024 1.60985
-0.654946 1.60849
-0.644879 1.60704
-0.634822 1.60552
-0.624778 1.60392
-0.614746 1.60224
-0.604727 1.60048
-0.594723 1.59864
-0.584734 1.59671
-0.574761 1.59471
-0.564804 1.59263
-0.554864 1.59047
-0.544943 1.58822
-0.535041 1.5859
-0.525158 1.58349
-0.515296 1.581
-0.505455 1.57843
-0.495637 1.57578
-0.485841 1.57304
-0.476068 1.57023
-0.466321 1.56733
-0.456598 1.56434
-0.446901 1.56128
-0.437231 1.55813
-0.427589 1.5549
-0.417975 1.55158
-0.40839 1.54818
-0.398835 1.5447
-0.389311 1.54113
-0.37982 1.53747
-0.370364 1.53373
-0.360943 1.5299
-0.35156 1.52598
-0.342217 1.52197
-0.332914 1.51787
-0.323654 1.51368
-0.314438 1.50939
-0.305269 1.50502
-0.296146 1.50054
-0.287073 1.49597
-0.278051 1.4913
-0.269081 1.48654
-0.260166 1.48167
-0.251306 1.4767
-0.242503 1.47164
-0.23376 1.46647
-0.225077 1.46119
-0.216457 1.45581
-0.207903 1.45033
-0.19942 1.44473
-0.191011 1.43903
-0.182682 1.43321
-0.174435 1.42727
-0.166276 1.42122
-0.158209 1.41505
-0.150237 1.40875
-0.142365 1.40234
-0.134596 1.39579
-0.126937 1.38911
-0.119389 1.38231
-0.111961 1.37537
-0.104663 1.36829
-0.097505 1.36108
-0.0904983 1.35372
-0.0836532 1.34622
-0.0769805 1.33857
-0.0704906 1.33076
-0.0641943 1.32281
-0.0581004 1.3147
-0.0522153 1.30643
-0.0465451 1.29801
-0.0410959 1.28944
-0.0358737 1.28071
-0.0308943 1.27183
-0.0262223 1.2628
-0.0219379 1.2536
-0.0181211 1.24424
-0.0148095 1.23471
-0.0119561 1.22503
-0.00950361 1.21523
-0.0073947 1.20531
-0.00557214 1.1953
-0.00397866 1.18521
-0.00255699 1.17507
-0.00124986 1.1649
