1.38778e-16 1.1547
0.00429406 1.15794
0.00858815 1.16117
0.0128823 1.16441
0.0171765 1.16764
0.0214708 1.17088
0.0257652 1.17411
0.0300597 1.17735
0.0343544 1.18058
0.0386493 1.18381
0.0429444 1.18704
0.0472397 1.19027
0.0515353 1.1935
0.0558311 1.19672
0.0601272 1.19994
0.0644237 1.20317
0.0687205 1.20638
0.0730176 1.2096
0.0773152 1.21282
0.0816131 1.21603
0.0859115 1.21924
0.0902103 1.22244
0.0945096 1.22564
0.0988094 1.22884
0.10311 1.23204
0.107411 1.23523
0.111712 1.23842
0.116014 1.24161
0.120317 1.24479
0.12462 1.24797
0.128924 1.25114
0.133229 1.25431
0.137534 1.25747
0.14184 1.26063
0.146147 1.26379
0.150454 1.26694
0.154763 1.27008
0.159072 1.27322
0.163382 1.27636
0.167693 1.27949
0.172005 1.28261
0.176317 1.28573
0.180631 1.28884
0.184945 1.29195
0.189261 1.29505
0.193578 1.29814
0.197895 1.30122
0.202214 1.3043
0.206533 1.30738
0.210854 1.31044
0.215176 1.3135
0.219499 1.31655
0.223823 1.3196
0.228149 1.32263
0.232475 1.32566
0.236803 1.32868
0.241132 1.3317
0.245462 1.3347
0.249794 1.3377
0.254127 1.34069
0.258461 1.34367
0.262797 1.34664
0.267134 1.3496
0.271472 1.35255
0.275812 1.3555
0.280153 1.35843
0.284496 1.36136
0.28884 1.36427
0.293186 1.36718
0.297533 1.37008
0.301882 1.37296
0.306232 1.37584
0.310585 1.37871
0.314938 1.38156
0.319294 1.38441
0.323651 1.38724
0.32801 1.39006
0.33237 1.39287
0.336732 1.39568
0.341096 1.39847
0.345462 1.40124
0.34983 1.40401
0.354199 1.40677
0.35857 1.40951
0.362944 1.41224
0.367319 1.41496
0.371696 1.41767
0.376075 1.42036
0.380456 1.42304
0.384839 1.42571
0.389224 1.42837
0.393611 1.43101
0.398 1.43364
0.402391 1.43625
0.406784 1.43886
0.41118 1.44145
0.415577 1.44402
0.419977 1.44658
0.424379 1.44913
0.428783 1.45166
0.43319 1.45418
0.437598 1.45669
0.442009 1.45918
0.446423 1.46165
0.450838 1.46411
0.455256 1.46655
0.459677 1.46898
0.4641 1.4714
0.468525 1.4738
0.472952 1.47618
0.477383 1.47855
0.481815 1.4809
0.48625 1.48323
0.490688 1.48555
0.495128 1.48786
0.499571 1.49014
0.504017 1.49241
0.508465 1.49466
0.512916 1.4969
0.517369 1.49912
0.521825 1.50132
0.526284 1.5035
0.530746 1.50567
0.53521 1.50782
0.539677 1.50995
0.544147 1.51206
0.54862 1.51416
0.553096 1.51623
0.557575 1.51829
0.562056 1.52033
0.56654 1.52235
0.571028 1.52435
0.575518 1.52634
0.580011 1.5283
0.584508 1.53025
0.589007 1.53217
0.59351 1.53408
0.598015 1.53596
0.602524 1.53783
0.607036 1.53967
0.611551 1.5415
0.616069 1.54331
0.62059 1.54509
0.625115 1.54685
0.629642 1.5486
0.634174 1.55032
0.638708 1.55202
0.643246 1.5537
0.647787 1.55536
0.652331 1.557
0.656879 1.55862
0.66143 1.56021
0.665984 1.56178
0.670542 1.56334
0.675104 1.56486
0.679669 1.56637
0.684238 1.56785
0.68881 1.56931
0.693385 1.57075
0.697964 1.57217
0.702547 1.57356
0.707134 1.57493
0.711724 1.57628
0.716318 1.5776
0.720915 1.5789
0.725516 1.58017
0.730121 1.58142
0.73473 1.58265
0.739343 1.58385
0.743959 1.58503
0.748579 1.58618
0.753203 1.58731
0.757831 1.58842
0.762463 1.5895
0.767099 1.59055
0.771738 1.59158
0.776382 1.59258
0.78103 1.59356
0.785681 1.59452
0.790337 1.59544
0.794997 1.59634
0.799661 1.59722
0.804329 1.59807
0.809001 1.59889
0.813677 1.59968
0.818357 1.60045
0.823042 1.6012
0.827731 1.60191
0.832424 1.6026
0.837121 1.60326
0.841823 1.60389
0.846529 1.6045
0.851239 1.60508
0.855954 1.60563
0.860673 1.60615
0.865397 1.60664
0.870124 1.60711
0.874857 1.60755
0.879594 1.60796
0.884335 1.60834
0.889081 1.60869
0.893831 1.60901
0.898586 1.6093
0.903346 1.60957
0.90811 1.6098
0.912878 1.61001
0.917652 1.61018
0.92243 1.61033
0.927213 1.61044
0.932 1.61053
0.936792 1.61058
0.941589 1.61061
0.946391 1.6106
0.951198 1.61057
0.956009 1.6105
0.960826 1.6104
0.965647 1.61027
0.970473 1.61011
0.975304 1.60992
0.98014 1.60969
0.984981 1.60943
0.989827 1.60915
0.994678 1.60883
0.999534 1.60848
1.00439 1.60809
1.00926 1.60767
1.01413 1.60722
1.01901 1.60674
1.02389 1.60623
1.02878 1.60568
1.03367 1.6051
1.03856 1.60448
1.04346 1.60384
1.04836 1.60316
1.05327 1.60245
1.05818 1.60171
1.06309 1.60093
1.068 1.60013
1.07292 1.59929
1.07784 1.59842
1.08276 1.59752
1.08768 1.59658
1.0926 1.59562
1.09753 1.59462
1.10245 1.59359
1.10737 1.59253
1.1123 1.59144
1.11722 1.59032
1.12214 1.58917
1.12706 1.58799
1.13198 1.58678
1.1369 1.58553
1.14182 1.58426
1.14673 1.58295
1.15164 1.58162
1.15655 1.58025
1.16146 1.57885
1.16636 1.57743
1.17126 1.57597
1.17616 1.57449
1.18105 1.57297
1.18594 1.57143
1.19082 1.56985
1.19569 1.56825
1.20057 1.56661
1.20543 1.56495
1.21029 1.56326
1.21515 1.56154
1.21999 1.55979
1.22483 1.55801
1.22967 1.5562
1.23449 1.55436
1.23931 1.5525
1.24412 1.55061
1.24892 1.54868
1.25372 1.54673
1.2585 1.54475
1.26328 1.54275
1.26804 1.54071
1.2728 1.53865
1.27755 1.53656
1.28228 1.53444
1.28701 1.5323
1.29172 1.53012
1.29643 1.52792
1.30112 1.5257
1.3058 1.52344
1.31047 1.52116
1.31512 1.51885
1.31977 1.51651
1.3244 1.51415
1.32901 1.51176
1.33362 1.50934
1.33821 1.5069
1.34278 1.50443
1.34734 1.50193
1.35189 1.49941
1.35642 1.49686
1.36094 1.49429
1.36544 1.49169
1.36993 1.48906
1.3744 1.48641
1.37885 1.48373
1.38329 1.48103
1.38771 1.4783
1.39211 1.47555
1.39649 1.47277
1.40086 1.46996
1.40521 1.46713
1.40954 1.46428
1.41385 1.4614
1.41814 1.4585
1.42242 1.45557
1.42667 1.45261
1.4309 1.44963
1.43512 1.44663
1.43931 1.4436
1.44348 1.44055
1.44763 1.43748
1.45176 1.43438
1.45587 1.43126
1.45996 1.42811
1.46402 1.42494
1.46807 1.42174
1.47209 1.41852
1.47608 1.41528
1.48005 1.41202
1.484 1.40873
1.48793 1.40542
1.49183 1.40208
1.49571 1.39873
1.49956 1.39535
1.50338 1.39194
1.50719 1.38852
1.51096 1.38507
1.51471 1.3816
1.51843 1.37811
1.52213 1.37459
1.5258 1.37105
1.52944 1.36749
1.53306 1.36391
1.53665 1.36031
1.54021 1.35668
1.54374 1.35304
1.54724 1.34937
1.55072 1.34568
1.55416 1.34197
1.55758 1.33823
1.56096 1.33448
1.56432 1.3307
1.56764 1.32691
1.57094 1.32309
1.5742 1.31925
1.57744 1.31539
1.58064 1.31152
1.58381 1.30762
1.58694 1.3037
1.59005 1.29975
1.59312 1.29579
1.59616 1.29181
1.59917 1.28781
1.60214 1.28379
1.60508 1.27975
1.60798 1.27569
1.61086 1.27161
1.61369 1.26751
1.61649 1.26339
1.61926 1.25925
1.62199 1.25509
1.62468 1.25092
1.62734 1.24672
1.62996 1.2425
1.63255 1.23827
1.6351 1.23402
1.63761 1.22975
1.64008 1.22546
1.64252 1.22115
1.64491 1.21682
1.64727 1.21248
1.64959 1.20811
1.65187 1.20373
1.65412 1.19933
1.65632 1.19491
1.65849 1.19048
1.66062 1.18603
1.66271 1.18156
1.66476 1.17708
1.66678 1.17257
1.66875 1.16806
1.6707 1.16352
1.6726 1.15897
1.67446 1.15441
1.67629 1.14983
1.67809 1.14523
1.67984 1.14062
1.68156 1.136
1.68324 1.13136
1.68489 1.1267
1.6865 1.12203
1.68807 1.11735
1.68961 1.11266
1.69111 1.10795
1.69258 1.10323
1.69401 1.09849
1.69541 1.09374
1.69677 1.08898
1.69809 1.08421
1.69938 1.07942
1.70064 1.07463
1.70186 1.06982
1.70305 1.065
1.7042 1.06017
1.70532 1.05532
1.7064 1.05047
1.70745 1.04561
1.70847 1.04073
1.70945 1.03585
1.7104 1.03096
1.71131 1.02605
1.71219 1.02114
1.71304 1.01622
1.71386 1.01128
1.71464 1.00634
1.71539 1.00139
1.71611 0.996436
1.71679 0.99147
1.71744 0.986497
1.71806 0.981515
1.71865 0.976526
1.71921 0.97153
1.71973 0.966526
1.72022 0.961516
1.72068 0.956499
1.72111 0.951475
1.72151 0.946445
1.72188 0.941409
1.72221 0.936368
1.72252 0.931321
1.72279 0.926268
1.72303 0.92121
1.72325 0.916148
1.72343 0.91108
1.72358 0.906009
1.7237 0.900932
1.72379 0.895852
1.72386 0.890768
1.72389 0.885681
1.72389 0.880589
1.72387 0.875495
1.72381 0.870398
1.72372 0.865298
1.72361 0.860195
1.72347 0.855091
1.7233 0.849984
1.7231 0.844875
1.72287 0.839764
1.72261 0.834652
1.72232 0.829539
1.72201 0.824425
1.72167 0.81931
1.7213 0.814195
1.7209 0.809079
1.72048 0.803963
1.72003 0.798847
1.71955 0.793731
1.71904 0.788616
1.71851 0.783501
1.71795 0.778388
1.71736 0.773275
1.71675 0.768164
1.71611 0.763055
1.71544 0.757947
1.71475 0.752842
1.71403 0.747739
1.71328 0.742638
1.71251 0.73754
1.71172 0.732444
1.7109 0.727352
1.71005 0.722264
1.70918 0.717178
1.70828 0.712097
1.70736 0.707019
1.70641 0.701946
1.70544 0.696877
1.70444 0.691813
1.70342 0.686754
1.70238 0.6817
1.70131 0.676651
1.70021 0.671607
1.6991 0.66657
1.69796 0.661538
1.69679 0.656512
1.6956 0.651493
1.69439 0.646481
1.69316 0.641475
1.6919 0.636476
1.69062 0.631485
1.68931 0.626501
1.68799 0.621525
1.68664 0.616556
1.68527 0.611596
1.68387 0.606644
1.68246 0.601701
1.68102 0.596766
1.67956 0.59184
1.67808 0.586924
1.67658 0.582017
1.67505 0.57712
1.67351 0.572233
1.67194 0.567355
1.67035 0.562488
1.66874 0.557632
1.66711 0.552786
1.66546 0.547951
1.66379 0.543127
1.6621 0.538315
1.66039 0.533515
1.65865 0.528726
1.6569 0.523949
1.65513 0.519185
1.65334 0.514433
1.65153 0.509693
1.6497 0.504967
1.64785 0.500254
1.64598 0.495554
1.64409 0.490867
1.64218 0.486194
1.64025 0.481534
1.63831 0.476887
1.63635 0.472253
1.63436 0.467633
1.63236 0.463025
1.63034 0.45843
1.62831 0.453848
1.62625 0.449279
1.62418 0.444723
1.62209 0.440179
1.61998 0.435648
1.61785 0.431129
1.6157 0.426623
1.61354 0.42213
1.61136 0.417648
1.60916 0.413179
1.60695 0.408723
1.60471 0.404278
1.60247 0.399845
1.6002 0.395425
1.59792 0.391016
1.59562 0.38662
1.5933 0.382235
1.59096 0.377862
1.58861 0.373501
1.58625 0.369151
1.58386 0.364813
1.58147 0.360486
1.57905 0.356171
1.57662 0.351868
1.57417 0.347575
1.57171 0.343294
1.56923 0.339024
1.56673 0.334766
1.56422 0.330518
1.5617 0.326281
1.55916 0.322056
1.5566 0.317841
1.55403 0.313637
1.55144 0.309444
1.54884 0.305261
1.54623 0.301089
1.5436 0.296928
1.54095 0.292777
1.53829 0.288636
1.53561 0.284506
1.53292 0.280387
1.53022 0.276277
1.5275 0.272178
1.52477 0.268089
1.52203 0.26401
1.51927 0.25994
1.51649 0.255881
1.51371 0.251832
1.5109 0.247792
1.50809 0.243763
1.50526 0.239742
1.50242 0.235732
1.49957 0.231731
1.4967 0.227739
1.49382 0.223757
1.49093 0.219785
1.48802 0.215821
1.4851 0.211867
1.48217 0.207922
1.47922 0.203986
1.47627 0.200059
1.4733 0.196141
1.47032 0.192232
1.46733 0.188332
1.46432 0.18444
1.4613 0.180558
1.45827 0.176684
1.45523 0.172818
1.45218 0.168961
1.44912 0.165113
1.44604 0.161273
1.44295 0.157441
1.43986 0.153618
1.43675 0.149802
1.43363 0.145995
1.4305 0.142196
1.42735 0.138405
1.4242 0.134622
1.42104 0.130847
1.41786 0.127079
1.41468 0.12332
1.41148 0.119568
1.40828 0.115824
1.40506 0.112087
1.40184 0.108358
1.3986 0.104636
1.39536 0.100922
1.3921 0.0972145
1.38884 0.0935147
1.38556 0.089822
1.38228 0.0861365
1.37899 0.082458
1.37568 0.0787865
1.37237 0.075122
1.36905 0.0714643
1.36572 0.0678134
1.36238 0.0641693
1.35903 0.0605318
1.35568 0.056901
1.35231 0.0532767
1.34894 0.0496589
1.34556 0.0460475
1.34217 0.0424424
1.33877 0.0388437
1.33536 0.0352512
1.33195 0.0316648
1.32852 0.0280846
1.32509 0.0245103
1.32166 0.0209421
1.31821 0.0173798
1.31476 0.0138233
1.3113 0.0102726
1.30783 0.00672758
1.30435 0.00318825
1.30087 -0.000345497
1.29738 -0.00387371
1.29388 -0.00739646
1.29038 -0.0109138
1.28687 -0.0144258
1.28335 -0.0179326
1.27983 -0.0214341
1.2763 -0.0249305
1.27277 -0.0284218
1.26922 -0.0319081
1.26567 -0.0353894
1.26212 -0.0388659
1.25856 -0.0423375
1.25499 -0.0458044
1.25142 -0.0492666
1.24784 -0.0527241
1.24426 -0.056177
1.24067 -0.0596255
1.23708 -0.0630695
1.23348 -0.0665091
1.22987 -0.0699445
1.22626 -0.0733755
1.22265 -0.0768024
1.21903 -0.0802252
1.2154 -0.0836438
1.21177 -0.0870585
1.20814 -0.0904693
1.2045 -0.0938762
1.20086 -0.0972793
1.19721 -0.100679
1.19356 -0.104074
1.1899 -0.107466
1.18624 -0.110855
1.18258 -0.11424
1.17891 -0.117621
1.17524 -0.121
1.17157 -0.124375
1.16789 -0.127746
1.16421 -0.131115
1.16052 -0.13448
1.15683 -0.137843
1.15314 -0.141202
1.14945 -0.144559
1.14575 -0.147912
1.14205 -0.151263
1.13835 -0.154611
1.13464 -0.157957
1.13093 -0.1613
1.12722 -0.16464
1.12351 -0.167978
1.1198 -0.171314
1.11608 -0.174647
1.11236 -0.177978
1.10864 -0.181306
1.10492 -0.184633
1.10119 -0.187957
1.09746 -0.19128
1.09374 -0.1946
1.09001 -0.197919
1.08628 -0.201236
1.08254 -0.204551
1.07881 -0.207864
1.07507 -0.211176
1.07134 -0.214486
1.0676 -0.217794
1.06387 -0.221101
1.06013 -0.224407
1.05639 -0.227712
1.05265 -0.231015
1.04891 -0.234317
1.04517 -0.237618
1.04143 -0.240918
1.03769 -0.244216
1.03395 -0.247514
1.03021 -0.250811
1.02647 -0.254107
1.02273 -0.257403
1.01899 -0.260698
1.01526 -0.263992
1.01152 -0.267285
1.00778 -0.270578
1.00404 -0.273871
1.00031 -0.277162
0.99657 -0.280453
0.992835 -0.283744
0.9891 -0.287034
0.985365 -0.290323
0.981631 -0.293612
0.977897 -0.296901
0.974164 -0.300188
0.970432 -0.303475
0.9667 -0.306762
0.962968 -0.310048
0.959237 -0.313333
0.955506 -0.316618
0.951776 -0.319902
0.948046 -0.323186
0.944317 -0.326469
0.940588 -0.329752
0.93686 -0.333034
0.933132 -0.336315
0.929405 -0.339596
0.925678 -0.342877
0.921952 -0.346156
0.918226 -0.349436
0.9145 -0.352714
0.910775 -0.355993
0.907051 -0.35927
0.903326 -0.362547
0.899603 -0.365824
0.89588 -0.3691
0.892157 -0.372376
0.888434 -0.375651
0.884712 -0.378925
0.880991 -0.382199
0.87727 -0.385472
0.873549 -0.388745
0.869829 -0.392018
0.86611 -0.39529
0.86239 -0.398561
0.858671 -0.401832
0.854953 -0.405102
0.851235 -0.408372
0.847518 -0.411641
0.8438 -0.41491
0.840084 -0.418179
0.836367 -0.421446
0.832652 -0.424714
0.828936 -0.427981
0.825221 -0.431247
0.821506 -0.434513
0.817792 -0.437778
0.814078 -0.441043
0.810365 -0.444308
0.806652 -0.447572
0.802939 -0.450835
0.799227 -0.454098
0.795515 -0.457361
0.791804 -0.460623
0.788093 -0.463884
0.784382 -0.467145
0.780672 -0.470406
0.776962 -0.473666
0.773253 -0.476926
0.769544 -0.480185
0.765835 -0.483444
0.762127 -0.486703
0.758419 -0.48996
0.754711 -0.493218
0.751004 -0.496475
0.747298 -0.499732
0.743591 -0.502988
0.739885 -0.506243
0.73618 -0.509499
0.732474 -0.512753
0.728769 -0.516008
0.725065 -0.519262
0.721361 -0.522515
0.717657 -0.525769
0.713953 -0.529021
0.71025 -0.532273
0.706547 -0.535525
0.702845 -0.538777
0.699143 -0.542028
0.695441 -0.545278
0.69174 -0.548529
0.688039 -0.551778
0.684338 -0.555028
0.680638 -0.558277
0.676938 -0.561525
0.673238 -0.564773
0.669539 -0.568021
0.66584 -0.571268
0.662142 -0.574515
0.658443 -0.577762
0.654745 -0.581008
0.651048 -0.584254
0.64735 -0.587499
0.643653 -0.590744
0.639957 -0.593989
0.63626 -0.597233
0.632564 -0.600477
0.628869 -0.603721
0.625173 -0.606964
0.621478 -0.610207
0.617783 -0.613449
0.614089 -0.616691
0.610395 -0.619933
0.606701 -0.623174
0.603007 -0.626415
0.599314 -0.629656
0.595621 -0.632896
0.591928 -0.636136
0.588236 -0.639375
0.584544 -0.642615
0.580852 -0.645853
0.577161 -0.649092
0.57347 -0.65233
0.569779 -0.655568
0.566088 -0.658805
0.562398 -0.662043
0.558708 -0.665279
0.555018 -0.668516
0.551329 -0.671752
0.547639 -0.674988
0.54395 -0.678223
0.540262 -0.681459
0.536573 -0.684693
0.532885 -0.687928
0.529197 -0.691162
0.52551 -0.694396
0.521823 -0.69763
0.518135 -0.700863
0.514449 -0.704096
0.510762 -0.707329
0.507076 -0.710561
0.50339 -0.713793
0.499704 -0.717025
0.496019 -0.720256
0.492333 -0.723488
0.488648 -0.726718
0.484963 -0.729949
0.481279 -0.733179
0.477595 -0.736409
0.47391 -0.739639
0.470227 -0.742869
0.466543 -0.746098
0.46286 -0.749327
0.459177 -0.752555
0.455494 -0.755784
0.451811 -0.759012
0.448129 -0.76224
0.444446 -0.765467
0.440764 -0.768695
0.437083 -0.771922
0.433401 -0.775148
0.42972 -0.778375
0.426039 -0.781601
0.422358 -0.784827
0.418677 -0.788053
0.414997 -0.791278
0.411316 -0.794504
0.407636 -0.797729
0.403956 -0.800954
0.400277 -0.804178
0.396597 -0.807402
0.392918 -0.810626
0.389239 -0.81385
0.38556 -0.817074
0.381881 -0.820297
0.378203 -0.82352
0.374525 -0.826743
0.370846 -0.829966
0.367169 -0.833189
0.363491 -0.836411
0.359813 -0.839633
0.356136 -0.842855
0.352459 -0.846076
0.348782 -0.849298
0.345105 -0.852519
0.341428 -0.85574
0.337752 -0.858961
0.334075 -0.862181
0.330399 -0.865402
0.326723 -0.868622
0.323047 -0.871842
0.319372 -0.875062
0.315696 -0.878282
0.312021 -0.881501
0.308346 -0.88472
0.304671 -0.887939
0.300996 -0.891158
0.297321 -0.894377
0.293646 -0.897596
0.289972 -0.900814
0.286298 -0.904032
0.282624 -0.90725
0.27895 -0.910468
0.275276 -0.913686
0.271602 -0.916903
0.267928 -0.920121
0.264255 -0.923338
0.260582 -0.926555
0.256908 -0.929772
0.253235 -0.932989
0.249562 -0.936205
0.24589 -0.939422
0.242217 -0.942638
0.238544 -0.945854
0.234872 -0.94907
0.2312 -0.952286
0.227527 -0.955502
0.223855 -0.958717
0.220183 -0.961933
0.216511 -0.965148
0.21284 -0.968363
0.209168 -0.971578
0.205496 -0.974793
0.201825 -0.978008
0.198154 -0.981223
0.194482 -0.984438
0.190811 -0.987652
0.18714 -0.990866
0.183469 -0.994081
0.179798 -0.997295
0.176127 -1.00051
0.172457 -1.00372
0.168786 -1.00694
0.165116 -1.01015
0.161445 -1.01336
0.157775 -1.01658
0.154105 -1.01979
0.150434 -1.023
0.146764 -1.02622
0.143094 -1.02943
0.139424 -1.03264
0.135754 -1.03586
0.132084 -1.03907
0.128415 -1.04228
0.124745 -1.0455
0.121075 -1.04871
0.117406 -1.05192
0.113736 -1.05513
0.110067 -1.05835
0.106397 -1.06156
0.102728 -1.06477
0.0990586 -1.06798
0.0953894 -1.0712
0.0917202 -1.07441
0.088051 -1.07762
0.0843819 -1.08083
0.0807128 -1.08404
0.0770438 -1.08726
0.0733748 -1.09047
0.0697058 -1.09368
0.0660369 -1.09689
0.062368 -1.1001
0.0586991 -1.10332
0.0550303 -1.10653
0.0513615 -1.10974
0.0476927 -1.11295
0.0440239 -1.11616
0.0403552 -1.11937
0.0366865 -1.12259
0.0330178 -1.1258
0.0293491 -1.12901
0.0256804 -1.13222
0.0220118 -1.13543
0.0183431 -1.13864
0.0146745 -1.14185
0.0110059 -1.14507
0.00733723 -1.14828
0.00366862 -1.15149
2.79776e-14 -1.1547
2.22045e-16 -1.1547
-0.00366862 -1.15149
-0.00733723 -1.14828
-0.0110059 -1.14507
-0.0146745 -1.14185
-0.0183431 -1.13864
-0.0220118 -1.13543
-0.0256804 -1.13222
-0.0293491 -1.12901
-0.0330178 -1.1258
-0.0366865 -1.12259
-0.0403552 -1.11937
-0.0440239 -1.11616
-0.0476927 -1.11295
-0.0513615 -1.10974
-0.0550303 -1.10653
-0.0586991 -1.10332
-0.062368 -1.1001
-0.0660369 -1.09689
-0.0697058 -1.09368
-0.0733748 -1.09047
-0.0770438 -1.08726
-0.0807128 -1.08404
-0.0843819 -1.08083
-0.088051 -1.07762
-0.0917202 -1.07441
-0.0953894 -1.0712
-0.0990586 -1.06798
-0.102728 -1.06477
-0.106397 -1.06156
-0.110067 -1.05835
-0.113736 -1.05513
-0.117406 -1.05192
-0.121075 -1.04871
-0.124745 -1.0455
-0.128415 -1.04228
-0.132084 -1.03907
-0.135754 -1.03586
-0.139424 -1.03264
-0.143094 -1.02943
-0.146764 -1.02622
-0.150434 -1.023
-0.154105 -1.01979
-0.157775 -1.01658
-0.161445 -1.01336
-0.165116 -1.01015
-0.168786 -1.00694
-0.172457 -1.00372
-0.176127 -1.00051
-0.179798 -0.997295
-0.183469 -0.994081
-0.18714 -0.990866
-0.190811 -0.987652
-0.194482 -0.984438
-0.198154 -0.981223
-0.201825 -0.978008
-0.205496 -0.974793
-0.209168 -0.971578
-0.21284 -0.968363
-0.216511 -0.965148
-0.220183 -0.961933
-0.223855 -0.958717
-0.227527 -0.955502
-0.2312 -0.952286
-0.234872 -0.94907
-0.238544 -0.945854
-0.242217 -0.942638
-0.24589 -0.939422
-0.249562 -0.936205
-0.253235 -0.932989
-0.256908 -0.929772
-0.260582 -0.926555
-0.264255 -0.923338
-0.267928 -0.920121
-0.271602 -0.916903
-0.275276 -0.913686
-0.27895 -0.910468
-0.282624 -0.90725
-0.286298 -0.904032
-0.289972 -0.900814
-0.293646 -0.897596
-0.297321 -0.894377
-0.300996 -0.891158
-0.304671 -0.887939
-0.308346 -0.88472
-0.312021 -0.881501
-0.315696 -0.878282
-0.319372 -0.875062
-0.323047 -0.871842
-0.326723 -0.868622
-0.330399 -0.865402
-0.334075 -0.862181
-0.337752 -0.858961
-0.341428 -0.85574
-0.345105 -0.852519
-0.348782 -0.849298
-0.352459 -0.846076
-0.356136 -0.842855
-0.359813 -0.839633
-0.363491 -0.836411
-0.367169 -0.833189
-0.370846 -0.829966
-0.374525 -0.826743
-0.378203 -0.82352
-0.381881 -0.820297
-0.38556 -0.817074
-0.389239 -0.81385
-0.392918 -0.810626
-0.396597 -0.807402
-0.400277 -0.804178
-0.403956 -0.800954
-0.407636 -0.797729
-0.411316 -0.794504
-0.414997 -0.791278
-0.418677 -0.788053
-0.422358 -0.784827
-0.426039 -0.781601
-0.42972 -0.778375
-0.433401 -0.775148
-0.437083 -0.771922
-0.440764 -0.768695
-0.444446 -0.765467
-0.448129 -0.76224
-0.451811 -0.759012
-0.455494 -0.755784
-0.459177 -0.752555
-0.46286 -0.749327
-0.466543 -0.746098
-0.470227 -0.742869
-0.47391 -0.739639
-0.477595 -0.736409
-0.481279 -0.733179
-0.484963 -0.729949
-0.488648 -0.726718
-0.492333 -0.723488
-0.496019 -0.720256
-0.499704 -0.717025
-0.50339 -0.713793
-0.507076 -0.710561
-0.510762 -0.707329
-0.514449 -0.704096
-0.518135 -0.700863
-0.521823 -0.69763
-0.52551 -0.694396
-0.529197 -0.691162
-0.532885 -0.687928
-0.536573 -0.684693
-0.540262 -0.681459
-0.54395 -0.678223
-0.547639 -0.674988
-0.551329 -0.671752
-0.555018 -0.668516
-0.558708 -0.665279
-0.562398 -0.662043
-0.566088 -0.658805
-0.569779 -0.655568
-0.57347 -0.65233
-0.577161 -0.649092
-0.580852 -0.645853
-0.584544 -0.642615
-0.588236 -0.639375
-0.591928 -0.636136
-0.595621 -0.632896
-0.599314 -0.629656
-0.603007 -0.626415
-0.606701 -0.623174
-0.610395 -0.619933
-0.614089 -0.616691
-0.617783 -0.613449
-0.621478 -0.610207
-0.625173 -0.606964
-0.628869 -0.603721
-0.632564 -0.600477
-0.63626 -0.597233
-0.639957 -0.593989
-0.643653 -0.590744
-0.64735 -0.587499
-0.651048 -0.584254
-0.654745 -0.581008
-0.658443 -0.577762
-0.662141 -0.574515
-0.66584 -0.571268
-0.669539 -0.568021
-0.673238 -0.564773
-0.676938 -0.561525
-0.680638 -0.558277
-0.684338 -0.555028
-0.688039 -0.551778
-0.69174 -0.548529
-0.695441 -0.545278
-0.699143 -0.542028
-0.702845 -0.538777
-0.706547 -0.535525
-0.71025 -0.532273
-0.713953 -0.529021
-0.717657 -0.525769
-0.721361 -0.522515
-0.725065 -0.519262
-0.728769 -0.516008
-0.732474 -0.512753
-0.73618 -0.509499
-0.739885 -0.506243
-0.743591 -0.502988
-0.747298 -0.499732
-0.751004 -0.496475
-0.754711 -0.493218
-0.758419 -0.48996
-0.762127 -0.486703
-0.765835 -0.483444
-0.769544 -0.480185
-0.773253 -0.476926
-0.776962 -0.473666
-0.780672 -0.470406
-0.784382 -0.467145
-0.788093 -0.463884
-0.791804 -0.460623
-0.795515 -0.457361
-0.799227 -0.454098
-0.802939 -0.450835
-0.806652 -0.447572
-0.810365 -0.444308
-0.814078 -0.441043
-0.817792 -0.437778
-0.821506 -0.434513
-0.825221 -0.431247
-0.828936 -0.427981
-0.832652 -0.424714
-0.836367 -0.421446
-0.840084 -0.418179
-0.8438 -0.41491
-0.847518 -0.411641
-0.851235 -0.408372
-0.854953 -0.405102
-0.858671 -0.401832
-0.86239 -0.398561
-0.86611 -0.39529
-0.869829 -0.392018
-0.873549 -0.388745
-0.87727 -0.385472
-0.880991 -0.382199
-0.884712 -0.378925
-0.888434 -0.375651
-0.892157 -0.372376
-0.89588 -0.3691
-0.899603 -0.365824
-0.903326 -0.362547
-0.907051 -0.35927
-0.910775 -0.355993
-0.9145 -0.352714
-0.918226 -0.349436
-0.921952 -0.346156
-0.925678 -0.342877
-0.929405 -0.339596
-0.933132 -0.336315
-0.93686 -0.333034
-0.940588 -0.329752
-0.944317 -0.326469
-0.948046 -0.323186
-0.951776 -0.319902
-0.955506 -0.316618
-0.959237 -0.313333
-0.962968 -0.310048
-0.9667 -0.306762
-0.970432 -0.303475
-0.974164 -0.300188
-0.977897 -0.296901
-0.981631 -0.293612
-0.985365 -0.290323
-0.9891 -0.287034
-0.992835 -0.283744
-0.99657 -0.280453
-1.00031 -0.277162
-1.00404 -0.273871
-1.00778 -0.270578
-1.01152 -0.267285
-1.01526 -0.263992
-1.01899 -0.260698
-1.02273 -0.257403
-1.02647 -0.254107
-1.03021 -0.250811
-1.03395 -0.247514
-1.03769 -0.244216
-1.04143 -0.240918
-1.04517 -0.237618
-1.04891 -0.234317
-1.05265 -0.231015
-1.05639 -0.227712
-1.06013 -0.224407
-1.06387 -0.221101
-1.0676 -0.217794
-1.07134 -0.214486
-1.07507 -0.211176
-1.07881 -0.207864
-1.08254 -0.204551
-1.08628 -0.201236
-1.09001 -0.197919
-1.09374 -0.1946
-1.09746 -0.19128
-1.10119 -0.187957
-1.10492 -0.184633
-1.10864 -0.181306
-1.11236 -0.177978
-1.11608 -0.174647
-1.1198 -0.171314
-1.12351 -0.167978
-1.12722 -0.16464
-1.13093 -0.1613
-1.13464 -0.157957
-1.13835 -0.154611
-1.14205 -0.151263
-1.14575 -0.147912
-1.14945 -0.144559
-1.15314 -0.141202
-1.15683 -0.137843
-1.16052 -0.13448
-1.16421 -0.131115
-1.16789 -0.127746
-1.17157 -0.124375
-1.17524 -0.121
-1.17891 -0.117621
-1.18258 -0.11424
-1.18624 -0.110855
-1.1899 -0.107466
-1.19356 -0.104074
-1.19721 -0.100679
-1.20086 -0.0972793
-1.2045 -0.0938762
-1.20814 -0.0904693
-1.21177 -0.0870585
-1.2154 -0.0836438
-1.21903 -0.0802252
-1.22265 -0.0768024
-1.22626 -0.0733755
-1.22987 -0.0699445
-1.23348 -0.0665091
-1.23708 -0.0630695
-1.24067 -0.0596255
-1.24426 -0.056177
-1.24784 -0.0527241
-1.25142 -0.0492666
-1.25499 -0.0458044
-1.25856 -0.0423375
-1.26212 -0.0388659
-1.26567 -0.0353894
-1.26922 -0.0319081
-1.27277 -0.0284218
-1.2763 -0.0249305
-1.27983 -0.0214341
-1.28335 -0.0179326
-1.28687 -0.0144258
-1.29038 -0.0109138
-1.29388 -0.00739646
-1.29738 -0.00387371
-1.30087 -0.000345498
-1.30435 0.00318824
-1.30783 0.00672758
-1.3113 0.0102726
-1.31476 0.0138233
-1.31821 0.0173798
-1.32166 0.0209421
-1.32509 0.0245103
-1.32852 0.0280846
-1.33195 0.0316648
-1.33536 0.0352512
-1.33877 0.0388437
-1.34217 0.0424424
-1.34556 0.0460475
-1.34894 0.0496589
-1.35231 0.0532767
-1.35568 0.056901
-1.35903 0.0605318
-1.36238 0.0641693
-1.36572 0.0678134
-1.36905 0.0714643
-1.37237 0.075122
-1.37568 0.0787865
-1.37899 0.082458
-1.38228 0.0861365
-1.38556 0.089822
-1.38884 0.0935147
-1.3921 0.0972145
-1.39536 0.100922
-1.3986 0.104636
-1.40184 0.108358
-1.40506 0.112087
-1.40828 0.115824
-1.41148 0.119568
-1.41468 0.12332
-1.41786 0.127079
-1.42104 0.130847
-1.4242 0.134622
-1.42735 0.138405
-1.4305 0.142196
-1.43363 0.145995
-1.43675 0.149802
-1.43986 0.153618
-1.44295 0.157441
-1.44604 0.161273
-1.44912 0.165113
-1.45218 0.168961
-1.45523 0.172818
-1.45827 0.176684
-1.4613 0.180558
-1.46432 0.18444
-1.46733 0.188332
-1.47032 0.192232
-1.4733 0.196141
-1.47627 0.200059
-1.47922 0.203986
-1.48217 0.207922
-1.4851 0.211867
-1.48802 0.215821
-1.49093 0.219785
-1.49382 0.223757
-1.4967 0.227739
-1.49957 0.231731
-1.50242 0.235732
-1.50526 0.239742
-1.50809 0.243763
-1.5109 0.247792
-1.51371 0.251832
-1.51649 0.255881
-1.51927 0.25994
-1.52203 0.26401
-1.52477 0.268089
-1.5275 0.272178
-1.53022 0.276277
-1.53292 0.280387
-1.53561 0.284506
-1.53829 0.288636
-1.54095 0.292777
-1.5436 0.296928
-1.54623 0.301089
-1.54884 0.305261
-1.55144 0.309444
-1.55403 0.313637
-1.5566 0.317841
-1.55916 0.322056
-1.5617 0.326281
-1.56422 0.330518
-1.56673 0.334766
-1.56923 0.339024
-1.57171 0.343294
-1.57417 0.347575
-1.57662 0.351868
-1.57905 0.356171
-1.58147 0.360486
-1.58386 0.364813
-1.58625 0.369151
-1.58861 0.373501
-1.59096 0.377862
-1.5933 0.382235
-1.59562 0.38662
-1.59792 0.391016
-1.6002 0.395425
-1.60247 0.399845
-1.60471 0.404278
-1.60695 0.408723
-1.60916 0.413179
-1.61136 0.417648
-1.61354 0.42213
-1.6157 0.426623
-1.61785 0.431129
-1.61998 0.435648
-1.62209 0.440179
-1.62418 0.444723
-1.62625 0.449279
-1.62831 0.453848
-1.63034 0.45843
-1.63236 0.463025
-1.63436 0.467633
-1.63635 0.472253
-1.63831 0.476887
-1.64025 0.481534
-1.64218 0.486194
-1.64409 0.490867
-1.64598 0.495554
-1.64785 0.500254
-1.6497 0.504967
-1.65153 0.509693
-1.65334 0.514433
-1.65513 0.519185
-1.6569 0.523949
-1.65865 0.528726
-1.66039 0.533515
-1.6621 0.538315
-1.66379 0.543127
-1.66546 0.547951
-1.66711 0.552786
-1.66874 0.557632
-1.67035 0.562488
-1.67194 0.567355
-1.67351 0.572233
-1.67505 0.57712
-1.67658 0.582017
-1.67808 0.586924
-1.67956 0.59184
-1.68102 0.596766
-1.68246 0.601701
-1.68387 0.606644
-1.68527 0.611596
-1.68664 0.616556
-1.68799 0.621525
-1.68931 0.626501
-1.69062 0.631485
-1.6919 0.636476
-1.69316 0.641475
-1.69439 0.646481
-1.6956 0.651493
-1.69679 0.656512
-1.69796 0.661538
-1.6991 0.66657
-1.70021 0.671607
-1.70131 0.676651
-1.70238 0.6817
-1.70342 0.686754
-1.70444 0.691813
-1.70544 0.696877
-1.70641 0.701946
-1.70736 0.707019
-1.70828 0.712097
-1.70918 0.717178
-1.71005 0.722264
-1.7109 0.727352
-1.71172 0.732444
-1.71251 0.73754
-1.71328 0.742638
-1.71403 0.747739
-1.71475 0.752842
-1.71544 0.757947
-1.71611 0.763055
-1.71675 0.768164
-1.71736 0.773275
-1.71795 0.778388
-1.71851 0.783501
-1.71904 0.788616
-1.71955 0.793731
-1.72003 0.798847
-1.72048 0.803963
-1.7209 0.809079
-1.7213 0.814195
-1.72167 0.81931
-1.72201 0.824425
-1.72232 0.829539
-1.72261 0.834652
-1.72287 0.839764
-1.7231 0.844875
-1.7233 0.849984
-1.72347 0.855091
-1.72361 0.860195
-1.72372 0.865298
-1.72381 0.870398
-1.72387 0.875495
-1.72389 0.880589
-1.72389 0.885681
-1.72386 0.890768
-1.72379 0.895852
-1.7237 0.900932
-1.72358 0.906009
-1.72343 0.91108
-1.72325 0.916148
-1.72303 0.92121
-1.72279 0.926268
-1.72252 0.931321
-1.72221 0.936368
-1.72188 0.941409
-1.72151 0.946445
-1.72111 0.951475
-1.72068 0.956499
-1.72022 0.961516
-1.71973 0.966526
-1.71921 0.97153
-1.71865 0.976526
-1.71806 0.981515
-1.71744 0.986497
-1.71679 0.99147
-1.71611 0.996436
-1.71539 1.00139
-1.71464 1.00634
-1.71386 1.01128
-1.71304 1.01622
-1.71219 1.02114
-1.71131 1.02605
-1.7104 1.03096
-1.70945 1.03585
-1.70847 1.04073
-1.70745 1.04561
-1.7064 1.05047
-1.70532 1.05532
-1.7042 1.06017
-1.70305 1.065
-1.70186 1.06982
-1.70064 1.07463
-1.69938 1.07942
-1.69809 1.08421
-1.69677 1.08898
-1.69541 1.09374
-1.69401 1.09849
-1.69258 1.10323
-1.69111 1.10795
-1.68961 1.11266
-1.68807 1.11735
-1.6865 1.12203
-1.68489 1.1267
-1.68324 1.13136
-1.68156 1.136
-1.67984 1.14062
-1.67809 1.14523
-1.67629 1.14983
-1.67446 1.15441
-1.6726 1.15897
-1.6707 1.16352
-1.66875 1.16806
-1.66678 1.17257
-1.66476 1.17708
-1.66271 1.18156
-1.66062 1.18603
-1.65849 1.19048
-1.65632 1.19491
-1.65412 1.19933
-1.65187 1.20373
-1.64959 1.20811
-1.64727 1.21248
-1.64491 1.21682
-1.64252 1.22115
-1.64008 1.22546
-1.63761 1.22975
-1.6351 1.23402
-1.63255 1.23827
-1.62996 1.2425
-1.62734 1.24672
-1.62468 1.25092
-1.62199 1.25509
-1.61926 1.25925
-1.61649 1.26339
-1.61369 1.26751
-1.61086 1.27161
-1.60798 1.27569
-1.60508 1.27975
-1.60214 1.28379
-1.59917 1.28781
-1.59616 1.29181
-1.59312 1.29579
-1.59005 1.29975
-1.58694 1.3037
-1.58381 1.30762
-1.58064 1.31152
-1.57744 1.31539
-1.5742 1.31925
-1.57094 1.32309
-1.56764 1.32691
-1.56432 1.3307
-1.56096 1.33448
-1.55758 1.33823
-1.55416 1.34197
-1.55072 1.34568
-1.54724 1.34937
-1.54374 1.35304
-1.54021 1.35668
-1.53665 1.36031
-1.53306 1.36391
-1.52944 1.36749
-1.5258 1.37105
-1.52213 1.37459
-1.51843 1.37811
-1.51471 1.3816
-1.51096 1.38507
-1.50719 1.38852
-1.50338 1.39194
-1.49956 1.39535
-1.49571 1.39873
-1.49183 1.40208
-1.48793 1.40542
-1.484 1.40873
-1.48005 1.41202
-1.47608 1.41528
-1.47209 1.41852
-1.46807 1.42174
-1.46402 1.42494
-1.45996 1.42811
-1.45587 1.43126
-1.45176 1.43438
-1.44763 1.43748
-1.44348 1.44055
-1.43931 1.4436
-1.43512 1.44663
-1.4309 1.44963
-1.42667 1.45261
-1.42242 1.45557
-1.41814 1.4585
-1.41385 1.4614
-1.40954 1.46428
-1.40521 1.46713
-1.40086 1.46996
-1.39649 1.47277
-1.39211 1.47555
-1.38771 1.4783
-1.38329 1.48103
-1.37885 1.48373
-1.3744 1.48641
-1.36993 1.48906
-1.36544 1.49169
-1.36094 1.49429
-1.35642 1.49686
-1.35189 1.49941
-1.34734 1.50193
-1.34278 1.50443
-1.33821 1.5069
-1.33362 1.50934
-1.32901 1.51176
-1.3244 1.51415
-1.31977 1.51651
-1.31512 1.51885
-1.31047 1.52116
-1.3058 1.52344
-1.30112 1.5257
-1.29643 1.52792
-1.29172 1.53012
-1.28701 1.5323
-1.28228 1.53444
-1.27755 1.53656
-1.2728 1.53865
-1.26804 1.54071
-1.26328 1.54275
-1.2585 1.54475
-1.25372 1.54673
-1.24892 1.54868
-1.24412 1.55061
-1.23931 1.5525
-1.23449 1.55436
-1.22967 1.5562
-1.22483 1.55801
-1.21999 1.55979
-1.21515 1.56154
-1.21029 1.56326
-1.20543 1.56495
-1.20057 1.56661
-1.19569 1.56825
-1.19082 1.56985
-1.18594 1.57143
-1.18105 1.57297
-1.17616 1.57449
-1.17126 1.57597
-1.16636 1.57743
-1.16146 1.57885
-1.15655 1.58025
-1.15164 1.58162
-1.14673 1.58295
-1.14182 1.58426
-1.1369 1.58553
-1.13198 1.58678
-1.12706 1.58799
-1.12214 1.58917
-1.11722 1.59032
-1.1123 1.59144
-1.10737 1.59253
-1.10245 1.59359
-1.09753 1.59462
-1.0926 1.59562
-1.08768 1.59658
-1.08276 1.59752
-1.07784 1.59842
-1.07292 1.59929
-1.068 1.60013
-1.06309 1.60093
-1.05818 1.60171
-1.05327 1.60245
-1.04836 1.60316
-1.04346 1.60384
-1.03856 1.60448
-1.03367 1.6051
-1.02878 1.60568
-1.02389 1.60623
-1.01901 1.60674
-1.01413 1.60722
-1.00926 1.60767
-1.00439 1.60809
-0.999534 1.60848
-0.994678 1.60883
-0.989827 1.60915
-0.984981 1.60943
-0.98014 1.60969
-0.975304 1.60992
-0.970473 1.61011
-0.965647 1.61027
-0.960826 1.6104
-0.956009 1.6105
-0.951198 1.61057
-0.946391 1.6106
-0.941589 1.61061
-0.936792 1.61058
-0.932 1.61053
-0.927213 1.61044
-0.92243 1.61033
-0.917652 1.61018
-0.912878 1.61001
-0.90811 1.6098
-0.903346 1.60957
-0.898586 1.6093
-0.893831 1.60901
-0.889081 1.60869
-0.884335 1.60834
-0.879594 1.60796
-0.874857 1.60755
-0.870124 1.60711
-0.865397 1.60664
-0.860673 1.60615
-0.855954 1.60563
-0.851239 1.60508
-0.846529 1.6045
-0.841823 1.60389
-0.837121 1.60326
-0.832424 1.6026
-0.827731 1.60191
-0.823042 1.6012
-0.818357 1.60045
-0.813677 1.59968
-0.809001 1.59889
-0.804329 1.59807
-0.799661 1.59722
-0.794997 1.59634
-0.790337 1.59544
-0.785681 1.59452
-0.78103 1.59356
-0.776382 1.59258
-0.771738 1.59158
-0.767099 1.59055
-0.762463 1.5895
-0.757831 1.58842
-0.753203 1.58731
-0.748579 1.58618
-0.743959 1.58503
-0.739343 1.58385
-0.73473 1.58265
-0.730121 1.58142
-0.725516 1.58017
-0.720915 1.5789
-0.716318 1.5776
-0.711724 1.57628
-0.707134 1.57493
-0.702547 1.57356
-0.697964 1.57217
-0.693385 1.57075
-0.68881 1.56931
-0.684238 1.56785
-0.679669 1.56637
-0.675104 1.56486
-0.670542 1.56334
-0.665984 1.56178
-0.66143 1.56021
-0.656879 1.55862
-0.652331 1.557
-0.647787 1.55536
-0.643246 1.5537
-0.638708 1.55202
-0.634174 1.55032
-0.629642 1.5486
-0.625115 1.54685
-0.62059 1.54509
-0.616069 1.54331
-0.611551 1.5415
-0.607036 1.53967
-0.602524 1.53783
-0.598015 1.53596
-0.59351 1.53408
-0.589007 1.53217
-0.584508 1.53025
-0.580011 1.5283
-0.575518 1.52634
-0.571028 1.52435
-0.56654 1.52235
-0.562056 1.52033
-0.557575 1.51829
-0.553096 1.51623
-0.54862 1.51416
-0.544147 1.51206
-0.539677 1.50995
-0.53521 1.50782
-0.530746 1.50567
-0.526284 1.5035
-0.521825 1.50132
-0.517369 1.49912
-0.512916 1.4969
-0.508465 1.49466
-0.504017 1.49241
-0.499571 1.49014
-0.495128 1.48786
-0.490688 1.48555
-0.48625 1.48323
-0.481815 1.4809
-0.477383 1.47855
-0.472952 1.47618
-0.468525 1.4738
-0.4641 1.4714
-0.459677 1.46898
-0.455256 1.46655
-0.450838 1.46411
-0.446423 1.46165
-0.442009 1.45918
-0.437598 1.45669
-0.43319 1.45418
-0.428783 1.45166
-0.424379 1.44913
-0.419977 1.44658
-0.415577 1.44402
-0.41118 1.44145
-0.406784 1.43886
-0.402391 1.43625
-0.398 1.43364
-0.393611 1.43101
-0.389224 1.42837
-0.384839 1.42571
-0.380456 1.42304
-0.376075 1.42036
-0.371696 1.41767
-0.367319 1.41496
-0.362944 1.41224
-0.35857 1.40951
-0.354199 1.40677
-0.34983 1.40401
-0.345462 1.40124
-0.341096 1.39847
-0.336732 1.39568
-0.33237 1.39287
-0.32801 1.39006
-0.323651 1.38724
-0.319294 1.38441
-0.314938 1.38156
-0.310585 1.37871
-0.306232 1.37584
-0.301882 1.37296
-0.297533 1.37008
-0.293186 1.36718
-0.28884 1.36427
-0.284496 1.36136
-0.280153 1.35843
-0.275812 1.3555
-0.271472 1.35255
-0.267134 1.3496
-0.262797 1.34664
-0.258461 1.34367
-0.254127 1.34069
-0.249794 1.3377
-0.245462 1.3347
-0.241132 1.3317
-0.236803 1.32868
-0.232475 1.32566
-0.228149 1.32263
-0.223823 1.3196
-0.219499 1.31655
-0.215176 1.3135
-0.210854 1.31044
-0.206533 1.30738
-0.202214 1.3043
-0.197895 1.30122
-0.193578 1.29814
-0.189261 1.29505
-0.184945 1.29195
-0.180631 1.28884
-0.176317 1.28573
-0.172005 1.28261
-0.167693 1.27949
-0.163382 1.27636
-0.159072 1.27322
-0.154763 1.27008
-0.150454 1.26694
-0.146147 1.26379
-0.14184 1.26063
-0.137534 1.25747
-0.133229 1.25431
-0.128924 1.25114
-0.12462 1.24797
-0.120317 1.24479
-0.116014 1.24161
-0.111712 1.23842
-0.107411 1.23523
-0.10311 1.23204
-0.0988094 1.22884
-0.0945096 1.22564
-0.0902103 1.22244
-0.0859115 1.21924
-0.0816131 1.21603
-0.0773152 1.21282
-0.0730176 1.2096
-0.0687205 1.20638
-0.0644237 1.20317
-0.0601272 1.19994
-0.0558311 1.19672
-0.0515353 1.1935
-0.0472397 1.19027
-0.0429444 1.18704
-0.0386493 1.18381
-0.0343544 1.18058
-0.0300597 1.17735
-0.0257652 1.17411
-0.0214708 1.17088
-0.0171765 1.16764
-0.0128823 1.16441
-0.00858815 1.16117
-0.00429406 1.15794
3.19744e-14 1.1547
