-1.38778e-16 1.1547
0.00858815 1.16116
0.0171765 1.16761
0.0257652 1.17407
0.0343544 1.18052
0.0429444 1.18696
0.0515353 1.1934
0.0601272 1.19984
0.0687205 1.20626
0.0773152 1.21268
0.0859115 1.21908
0.0945096 1.22548
0.10311 1.23186
0.111712 1.23823
0.120317 1.24458
0.128924 1.25092
0.137534 1.25723
0.146147 1.26354
0.154763 1.26982
0.163382 1.27608
0.172005 1.28231
0.180631 1.28853
0.189261 1.29472
0.197895 1.30089
0.206533 1.30703
0.215176 1.31314
0.223823 1.31922
0.232475 1.32527
0.241132 1.33129
0.249794 1.33728
0.258461 1.34324
0.267133 1.34916
0.275812 1.35505
0.284496 1.3609
0.293186 1.36671
0.301882 1.37248
0.310585 1.37821
0.319294 1.3839
0.32801 1.38955
0.336732 1.39515
0.345462 1.40071
0.354199 1.40622
0.362944 1.41168
0.371696 1.4171
0.380456 1.42247
0.389224 1.42778
0.398 1.43305
0.406784 1.43826
0.415577 1.44342
0.424379 1.44852
0.43319 1.45356
0.442009 1.45855
0.450838 1.46348
0.459677 1.46835
0.468525 1.47316
0.477383 1.4779
0.48625 1.48259
0.495128 1.4872
0.504017 1.49176
0.512916 1.49624
0.521825 1.50066
0.530746 1.50501
0.539677 1.50928
0.54862 1.51349
0.557575 1.51762
0.56654 1.52168
0.575518 1.52567
0.584508 1.52958
0.59351 1.53341
0.602524 1.53716
0.611551 1.54084
0.62059 1.54443
0.629642 1.54794
0.638708 1.55137
0.647787 1.55471
0.656879 1.55797
0.665984 1.56114
0.675104 1.56423
0.684238 1.56722
0.693385 1.57013
0.702547 1.57295
0.711724 1.57567
0.720915 1.5783
0.730121 1.58083
0.739343 1.58327
0.748579 1.58561
0.757831 1.58786
0.767099 1.59
0.776382 1.59205
0.785681 1.59399
0.794997 1.59583
0.804329 1.59757
0.813677 1.5992
0.823042 1.60073
0.832424 1.60215
0.841823 1.60346
0.851239 1.60466
0.860673 1.60575
0.870124 1.60673
0.879594 1.6076
0.889081 1.60835
0.898586 1.60898
0.90811 1.6095
0.917652 1.60991
0.927213 1.61019
0.936792 1.61035
0.946391 1.6104
0.956009 1.61032
0.965647 1.61012
0.975304 1.60979
0.984981 1.60934
0.994678 1.60876
1.00439 1.60805
1.01413 1.60721
1.02389 1.60624
1.03367 1.60515
1.04346 1.60392
1.05327 1.60257
1.06309 1.60108
1.07292 1.59947
1.08276 1.59773
1.0926 1.59587
1.10245 1.59388
1.1123 1.59177
1.12214 1.58953
1.13198 1.58717
1.14182 1.58468
1.15164 1.58208
1.16146 1.57935
1.17126 1.57651
1.18105 1.57354
1.19082 1.57046
1.20057 1.56725
1.21029 1.56393
1.21999 1.5605
1.22967 1.55694
1.23931 1.55327
1.24892 1.54949
1.2585 1.54559
1.26804 1.54158
1.27755 1.53746
1.28701 1.53323
1.29643 1.52888
1.3058 1.52442
1.31512 1.51986
1.3244 1.51518
1.33362 1.5104
1.34278 1.50551
1.35189 1.50051
1.36094 1.49541
1.36993 1.4902
1.37885 1.48489
1.38771 1.47947
1.39649 1.47395
1.40521 1.46833
1.41385 1.4626
1.42242 1.45678
1.4309 1.45085
1.43931 1.44483
1.44763 1.4387
1.45587 1.43248
1.46402 1.42616
1.47209 1.41974
1.48005 1.41323
1.48793 1.40662
1.49571 1.39991
1.50338 1.39312
1.51096 1.38622
1.51843 1.37924
1.5258 1.37217
1.53306 1.365
1.54021 1.35774
1.54724 1.3504
1.55416 1.34296
1.56096 1.33544
1.56764 1.32783
1.5742 1.32013
1.58064 1.31234
1.58694 1.30448
1.59312 1.29652
1.59917 1.28848
1.60508 1.28036
1.61086 1.27216
1.61649 1.26387
1.62199 1.2555
1.62734 1.24706
1.63255 1.23853
1.63761 1.22992
1.64252 1.22124
1.64727 1.21248
1.65187 1.20364
1.65632 1.19472
1.66062 1.18574
1.66476 1.17668
1.66875 1.16755
1.6726 1.15836
1.67629 1.1491
1.67984 1.13978
1.68324 1.1304
1.6865 1.12096
1.68961 1.11146
1.69258 1.10191
1.69541 1.09231
1.69809 1.08265
1.70064 1.07295
1.70305 1.0632
1.70532 1.0534
1.70745 1.04356
1.70945 1.03368
1.71131 1.02377
1.71304 1.01381
1.71464 1.00382
1.71611 0.993804
1.71744 0.983752
1.71865 0.973672
1.71973 0.963565
1.72068 0.953434
1.72151 0.94328
1.72221 0.933106
1.72279 0.922913
1.72325 0.912704
1.72358 0.90248
1.72379 0.892244
1.72389 0.881997
1.72387 0.871742
1.72372 0.86148
1.72347 0.851214
1.7231 0.840945
1.72261 0.830677
1.72201 0.820409
1.7213 0.810146
1.72048 0.799888
1.71955 0.789637
1.71851 0.779397
1.71736 0.769168
1.71611 0.758952
1.71475 0.748753
1.71328 0.738571
1.71172 0.728409
1.71005 0.718268
1.70828 0.708152
1.70641 0.698061
1.70444 0.687998
1.70238 0.677964
1.70021 0.667963
1.69796 0.657995
1.6956 0.648063
1.69316 0.638169
1.69062 0.628315
1.68799 0.618503
1.68527 0.608735
1.68246 0.599012
1.67956 0.589338
1.67658 0.579713
1.67351 0.57014
1.67035 0.560621
1.66711 0.551159
1.66379 0.541754
1.66039 0.532409
1.6569 0.523126
1.65334 0.513907
1.6497 0.504754
1.64598 0.49567
1.64218 0.486654
1.63831 0.477705
1.63436 0.468824
1.63034 0.460007
1.62625 0.451255
1.62209 0.442566
1.61785 0.433939
1.61354 0.425373
1.60916 0.416866
1.60471 0.408418
1.6002 0.400026
1.59562 0.391691
1.59096 0.383411
1.58625 0.375184
1.58147 0.36701
1.57662 0.358887
1.57171 0.350814
1.56673 0.34279
1.5617 0.334814
1.5566 0.326884
1.55144 0.319
1.54623 0.311161
1.54095 0.303364
1.53561 0.295609
1.53022 0.287895
1.52477 0.280221
1.51927 0.272585
1.51371 0.264986
1.50809 0.257423
1.50242 0.249895
1.4967 0.242401
1.49093 0.234939
1.4851 0.227508
1.47922 0.220108
1.4733 0.212737
1.46733 0.205393
1.4613 0.198076
1.45523 0.190785
1.44912 0.183518
1.44295 0.176274
1.43675 0.169052
1.4305 0.161851
1.4242 0.154669
1.41786 0.147505
1.41148 0.140359
1.40506 0.133229
1.3986 0.126114
1.3921 0.119013
1.38556 0.111924
1.37899 0.104846
1.37237 0.097779
1.36572 0.0907206
1.35903 0.0836701
1.35231 0.0766263
1.34556 0.0695879
1.33877 0.0625538
1.33195 0.0555229
1.32509 0.0484939
1.31821 0.0414657
1.3113 0.0344371
1.30435 0.0274069
1.29738 0.020374
1.29038 0.0133372
1.28335 0.00629526
1.2763 -0.000752933
1.26922 -0.00780857
1.26212 -0.0148728
1.25499 -0.0219469
1.24784 -0.0290319
1.24067 -0.036129
1.23348 -0.0432395
1.22626 -0.0503645
1.21903 -0.0575051
1.21177 -0.0646626
1.2045 -0.0718381
1.19721 -0.0790328
1.1899 -0.0862479
1.18258 -0.0934845
1.17524 -0.100744
1.16789 -0.108027
1.16052 -0.115335
1.15314 -0.12267
1.14575 -0.130032
1.13835 -0.137423
1.13093 -0.144843
1.12351 -0.152294
1.11608 -0.159778
1.10864 -0.167294
1.10119 -0.174845
1.09374 -0.182432
1.08628 -0.190056
1.07881 -0.197718
1.07134 -0.205418
1.06387 -0.21316
1.05639 -0.220942
1.04891 -0.228768
1.04143 -0.236637
1.03395 -0.244551
1.02647 -0.252512
1.01899 -0.26052
1.01152 -0.268576
1.00404 -0.276679
0.99657 -0.284829
0.9891 -0.293022
0.981631 -0.301259
0.974164 -0.309536
0.9667 -0.317853
0.959237 -0.326208
0.951776 -0.3346
0.944317 -0.343026
0.93686 -0.351486
0.929405 -0.359978
0.921952 -0.3685
0.9145 -0.377051
0.907051 -0.385629
0.899603 -0.394232
0.892157 -0.40286
0.884712 -0.41151
0.87727 -0.420181
0.869829 -0.428872
0.86239 -0.43758
0.854953 -0.446305
0.847518 -0.455044
0.840084 -0.463797
0.832652 -0.472561
0.825221 -0.481336
0.817792 -0.490118
0.810365 -0.498908
0.802939 -0.507704
0.795515 -0.516503
0.788093 -0.525305
0.780672 -0.534107
0.773253 -0.542909
0.765835 -0.551708
0.758419 -0.560504
0.751004 -0.569294
0.743591 -0.578077
0.73618 -0.586851
0.728769 -0.595616
0.721361 -0.604368
0.713953 -0.613108
0.706547 -0.621833
0.699143 -0.630542
0.69174 -0.639232
0.684338 -0.647904
0.676938 -0.656554
0.669539 -0.665182
0.662142 -0.673786
0.654745 -0.682364
0.64735 -0.690915
0.639957 -0.699438
0.632564 -0.70793
0.625173 -0.71639
0.617783 -0.724817
0.610395 -0.733209
0.603007 -0.741565
0.595621 -0.749882
0.588236 -0.75816
0.580852 -0.766397
0.57347 -0.774591
0.566088 -0.782741
0.558708 -0.790845
0.551329 -0.798902
0.54395 -0.80691
0.536573 -0.814868
0.529197 -0.822773
0.521823 -0.830625
0.514449 -0.838422
0.507076 -0.846162
0.499704 -0.853844
0.492333 -0.861466
0.484963 -0.869027
0.477595 -0.876525
0.470227 -0.883959
0.46286 -0.891327
0.455494 -0.898627
0.448129 -0.905858
0.440764 -0.913018
0.433401 -0.920107
0.426039 -0.927121
0.418677 -0.934061
0.411316 -0.940923
0.403956 -0.947707
0.396597 -0.954411
0.389239 -0.961034
0.381881 -0.967574
0.374525 -0.974029
0.367169 -0.980398
0.359813 -0.986679
0.352459 -0.992871
0.345105 -0.998972
0.337752 -1.00498
0.330399 -1.0109
0.323047 -1.01672
0.315696 -1.02244
0.308346 -1.02806
0.300996 -1.03359
0.293646 -1.03901
0.286298 -1.04433
0.27895 -1.04954
0.271602 -1.05465
0.264255 -1.05965
0.256908 -1.06454
0.249562 -1.06932
0.242217 -1.07398
0.234872 -1.07854
0.227527 -1.08297
0.220183 -1.08729
0.21284 -1.0915
0.205496 -1.09558
0.198154 -1.09954
0.190811 -1.10337
0.183469 -1.10708
0.176127 -1.11067
0.168786 -1.11412
0.161445 -1.11745
0.154105 -1.12064
0.146764 -1.12371
0.139424 -1.12664
0.132084 -1.12943
0.124745 -1.13208
0.117406 -1.1346
0.110067 -1.13698
0.102728 -1.13921
0.0953894 -1.1413
0.088051 -1.14324
0.0807128 -1.14504
0.0733748 -1.14669
0.0660369 -1.14819
0.0586991 -1.14954
0.0513615 -1.15074
0.0440239 -1.15178
0.0366865 -1.15267
0.0293491 -1.15339
0.0220118 -1.15396
0.0146745 -1.15437
0.00733723 -1.15462
2.08148e-09 -1.1547
-0.00733723 -1.15462
-0.0146745 -1.15437
-0.0220118 -1.15396
-0.0293491 -1.15339
-0.0366865 -1.15267
-0.0440239 -1.15178
-0.0513614 -1.15074
-0.0586991 -1.14954
-0.0660369 -1.14819
-0.0733748 -1.14669
-0.0807128 -1.14504
-0.088051 -1.14324
-0.0953894 -1.1413
-0.102728 -1.13921
-0.110067 -1.13698
-0.117406 -1.1346
-0.124745 -1.13208
-0.132084 -1.12943
-0.139424 -1.12664
-0.146764 -1.12371
-0.154105 -1.12064
-0.161445 -1.11745
-0.168786 -1.11412
-0.176127 -1.11067
-0.183469 -1.10708
-0.190811 -1.10337
-0.198154 -1.09954
-0.205496 -1.09558
-0.21284 -1.0915
-0.220183 -1.08729
-0.227527 -1.08297
-0.234872 -1.07854
-0.242217 -1.07398
-0.249562 -1.06932
-0.256908 -1.06454
-0.264255 -1.05965
-0.271602 -1.05465
-0.27895 -1.04954
-0.286298 -1.04433
-0.293646 -1.03901
-0.300996 -1.03359
-0.308346 -1.02806
-0.315696 -1.02244
-0.323047 -1.01672
-0.330399 -1.0109
-0.337752 -1.00498
-0.345105 -0.998972
-0.352459 -0.992871
-0.359813 -0.986679
-0.367169 -0.980398
-0.374525 -0.974029
-0.381881 -0.967574
-0.389239 -0.961034
-0.396597 -0.954411
-0.403956 -0.947707
-0.411316 -0.940923
-0.418677 -0.934061
-0.426039 -0.927121
-0.433401 -0.920107
-0.440764 -0.913018
-0.448129 -0.905858
-0.455494 -0.898627
-0.46286 -0.891327
-0.470227 -0.883959
-0.477595 -0.876525
-0.484963 -0.869027
-0.492333 -0.861466
-0.499704 -0.853844
-0.507076 -0.846162
-0.514449 -0.838422
-0.521823 -0.830625
-0.529197 -0.822773
-0.536573 -0.814868
-0.54395 -0.80691
-0.551329 -0.798902
-0.558708 -0.790845
-0.566088 -0.782741
-0.57347 -0.774591
-0.580852 -0.766397
-0.588236 -0.75816
-0.595621 -0.749882
-0.603007 -0.741565
-0.610395 -0.733209
-0.617783 -0.724817
-0.625173 -0.71639
-0.632564 -0.70793
-0.639957 -0.699438
-0.64735 -0.690915
-0.654745 -0.682364
-0.662141 -0.673786
-0.669539 -0.665182
-0.676938 -0.656554
-0.684338 -0.647904
-0.69174 -0.639232
-0.699143 -0.630542
-0.706547 -0.621833
-0.713953 -0.613108
-0.721361 -0.604368
-0.728769 -0.595616
-0.73618 -0.586851
-0.743591 -0.578077
-0.751004 -0.569294
-0.758419 -0.560504
-0.765835 -0.551708
-0.773253 -0.542909
-0.780672 -0.534107
-0.788093 -0.525305
-0.795515 -0.516503
-0.802939 -0.507704
-0.810365 -0.498908
-0.817792 -0.490118
-0.825221 -0.481336
-0.832652 -0.472561
-0.840084 -0.463797
-0.847518 -0.455044
-0.854953 -0.446305
-0.86239 -0.43758
-0.869829 -0.428872
-0.87727 -0.420181
-0.884712 -0.41151
-0.892157 -0.40286
-0.899603 -0.394232
-0.907051 -0.385629
-0.9145 -0.377051
-0.921952 -0.3685
-0.929405 -0.359978
-0.93686 -0.351486
-0.944317 -0.343026
-0.951776 -0.3346
-0.959237 -0.326208
-0.9667 -0.317853
-0.974164 -0.309536
-0.981631 -0.301259
-0.9891 -0.293022
-0.99657 -0.284829
-1.00404 -0.276679
-1.01152 -0.268576
-1.01899 -0.26052
-1.02647 -0.252512
-1.03395 -0.244551
-1.04143 -0.236637
-1.04891 -0.228768
-1.05639 -0.220942
-1.06387 -0.21316
-1.07134 -0.205418
-1.07881 -0.197718
-1.08628 -0.190056
-1.09374 -0.182432
-1.10119 -0.174845
-1.10864 -0.167294
-1.11608 -0.159778
-1.12351 -0.152294
-1.13093 -0.144843
-1.13835 -0.137423
-1.14575 -0.130032
-1.15314 -0.12267
-1.16052 -0.115335
-1.16789 -0.108027
-1.17524 -0.100744
-1.18258 -0.0934845
-1.1899 -0.0862479
-1.19721 -0.0790328
-1.2045 -0.0718381
-1.21177 -0.0646626
-1.21903 -0.0575051
-1.22626 -0.0503645
-1.23348 -0.0432395
-1.24067 -0.036129
-1.24784 -0.0290319
-1.25499 -0.0219469
-1.26212 -0.0148728
-1.26922 -0.00780857
-1.2763 -0.000752937
-1.28335 0.00629525
-1.29038 0.0133372
-1.29738 0.020374
-1.30435 0.0274069
-1.3113 0.0344371
-1.31821 0.0414657
-1.32509 0.0484939
-1.33195 0.0555229
-1.33877 0.0625538
-1.34556 0.0695879
-1.35231 0.0766262
-1.35903 0.0836701
-1.36572 0.0907206
-1.37237 0.097779
-1.37899 0.104846
-1.38556 0.111924
-1.3921 0.119013
-1.3986 0.126114
-1.40506 0.133229
-1.41148 0.140359
-1.41786 0.147505
-1.4242 0.154669
-1.4305 0.161851
-1.43675 0.169052
-1.44295 0.176274
-1.44912 0.183518
-1.45523 0.190785
-1.4613 0.198076
-1.46733 0.205393
-1.4733 0.212737
-1.47922 0.220108
-1.4851 0.227508
-1.49093 0.234939
-1.4967 0.242401
-1.50242 0.249895
-1.50809 0.257423
-1.51371 0.264986
-1.51927 0.272585
-1.52477 0.280221
-1.53022 0.287895
-1.53561 0.295609
-1.54095 0.303364
-1.54623 0.311161
-1.55144 0.319
-1.5566 0.326884
-1.5617 0.334814
-1.56673 0.34279
-1.57171 0.350814
-1.57662 0.358887
-1.58147 0.36701
-1.58625 0.375184
-1.59096 0.383411
-1.59562 0.391691
-1.6002 0.400026
-1.60471 0.408418
-1.60916 0.416866
-1.61354 0.425373
-1.61785 0.433939
-1.62209 0.442566
-1.62625 0.451255
-1.63034 0.460007
-1.63436 0.468824
-1.63831 0.477705
-1.64218 0.486653
-1.64598 0.49567
-1.6497 0.504754
-1.65334 0.513907
-1.6569 0.523126
-1.66039 0.532409
-1.66379 0.541754
-1.66711 0.551159
-1.67035 0.560621
-1.67351 0.57014
-1.67658 0.579713
-1.67956 0.589338
-1.68246 0.599012
-1.68527 0.608735
-1.68799 0.618503
-1.69062 0.628315
-1.69316 0.638169
-1.6956 0.648063
-1.69796 0.657995
-1.70021 0.667963
-1.70238 0.677964
-1.70444 0.687998
-1.70641 0.698061
-1.70828 0.708152
-1.71005 0.718268
-1.71172 0.728409
-1.71328 0.738571
-1.71475 0.748753
-1.71611 0.758952
-1.71736 0.769168
-1.71851 0.779397
-1.71955 0.789637
-1.72048 0.799888
-1.7213 0.810146
-1.72201 0.820409
-1.72261 0.830676
-1.7231 0.840945
-1.72347 0.851214
-1.72372 0.86148
-1.72387 0.871742
-1.72389 0.881997
-1.72379 0.892244
-1.72358 0.90248
-1.72325 0.912704
-1.72279 0.922913
-1.72221 0.933106
-1.72151 0.94328
-1.72068 0.953434
-1.71973 0.963565
-1.71865 0.973672
-1.71744 0.983752
-1.71611 0.993804
-1.71464 1.00382
-1.71304 1.01381
-1.71131 1.02377
-1.70945 1.03368
-1.70745 1.04356
-1.70532 1.0534
-1.70305 1.0632
-1.70064 1.07295
-1.69809 1.08265
-1.69541 1.09231
-1.69258 1.10191
-1.68961 1.11146
-1.6865 1.12096
-1.68324 1.1304
-1.67984 1.13978
-1.67629 1.1491
-1.6726 1.15836
-1.66875 1.16755
-1.66476 1.17668
-1.66062 1.18574
-1.65632 1.19472
-1.65187 1.20364
-1.64727 1.21248
-1.64252 1.22124
-1.63761 1.22992
-1.63255 1.23853
-1.62734 1.24706
-1.62199 1.2555
-1.61649 1.26387
-1.61086 1.27216
-1.60508 1.28036
-1.59917 1.28848
-1.59312 1.29652
-1.58694 1.30448
-1.58064 1.31234
-1.5742 1.32013
-1.56764 1.32783
-1.56096 1.33544
-1.55416 1.34296
-1.54724 1.3504
-1.54021 1.35774
-1.53306 1.365
-1.5258 1.37217
-1.51843 1.37924
-1.51096 1.38622
-1.50338 1.39312
-1.49571 1.39991
-1.48793 1.40662
-1.48005 1.41323
-1.47209 1.41974
-1.46402 1.42616
-1.45587 1.43248
-1.44763 1.4387
-1.43931 1.44483
-1.4309 1.45085
-1.42242 1.45678
-1.41385 1.4626
-1.40521 1.46833
-1.39649 1.47395
-1.38771 1.47947
-1.37885 1.48489
-1.36993 1.4902
-1.36094 1.49541
-1.35189 1.50051
-1.34278 1.50551
-1.33362 1.5104
-1.3244 1.51518
-1.31512 1.51986
-1.3058 1.52442
-1.29643 1.52888
-1.28701 1.53323
-1.27755 1.53746
-1.26804 1.54158
-1.2585 1.54559
-1.24892 1.54949
-1.23931 1.55327
-1.22967 1.55694
-1.21999 1.5605
-1.21029 1.56393
-1.20057 1.56725
-1.19082 1.57046
-1.18105 1.57354
-1.17126 1.57651
-1.16146 1.57935
-1.15164 1.58208
-1.14182 1.58468
-1.13198 1.58717
-1.12214 1.58953
-1.1123 1.59177
-1.10245 1.59388
-1.0926 1.59587
-1.08276 1.59773
-1.07292 1.59947
-1.06309 1.60108
-1.05327 1.60257
-1.04346 1.60392
-1.03367 1.60515
-1.02389 1.60624
-1.01413 1.60721
-1.00439 1.60805
-0.994678 1.60876
-0.984981 1.60934
-0.975304 1.60979
-0.965647 1.61012
-0.956009 1.61032
-0.946391 1.6104
-0.936792 1.61035
-0.927213 1.61019
-0.917652 1.60991
-0.90811 1.6095
-0.898586 1.60898
-0.889081 1.60835
-0.879594 1.6076
-0.870124 1.60673
-0.860673 1.60575
-0.851239 1.60466
-0.841823 1.60346
-0.832424 1.60215
-0.823042 1.60073
-0.813677 1.5992
-0.804329 1.59757
-0.794997 1.59583
-0.785681 1.59399
-0.776382 1.59205
-0.767099 1.59
-0.757831 1.58786
-0.748579 1.58561
-0.739343 1.58327
-0.730121 1.58083
-0.720915 1.5783
-0.711724 1.57567
-0.702547 1.57295
-0.693385 1.57013
-0.684238 1.56722
-0.675104 1.56423
-0.665984 1.56114
-0.656879 1.55797
-0.647787 1.55471
-0.638708 1.55137
-0.629642 1.54794
-0.62059 1.54443
-0.611551 1.54084
-0.602524 1.53716
-0.59351 1.53341
-0.584508 1.52958
-0.575518 1.52567
-0.56654 1.52168
-0.557575 1.51762
-0.54862 1.51349
-0.539677 1.50928
-0.530746 1.50501
-0.521825 1.50066
-0.512916 1.49624
-0.504017 1.49176
-0.495128 1.4872
-0.48625 1.48259
-0.477383 1.4779
-0.468525 1.47316
-0.459677 1.46835
-0.450838 1.46348
-0.442009 1.45855
-0.43319 1.45356
-0.424379 1.44852
-0.415577 1.44342
-0.406784 1.43826
-0.398 1.43305
-0.389224 1.42778
-0.380456 1.42247
-0.371696 1.4171
-0.362944 1.41168
-0.354199 1.40622
-0.345462 1.40071
-0.336732 1.39515
-0.32801 1.38955
-0.319294 1.3839
-0.310585 1.37821
-0.301882 1.37248
-0.293186 1.36671
-0.284496 1.3609
-0.275812 1.35505
-0.267134 1.34916
-0.258461 1.34324
-0.249794 1.33728
-0.241132 1.33129
-0.232475 1.32527
-0.223823 1.31922
-0.215176 1.31314
-0.206533 1.30703
-0.197895 1.30089
-0.189261 1.29472
-0.180631 1.28853
-0.172005 1.28231
-0.163382 1.27608
-0.154763 1.26982
-0.146147 1.26354
-0.137534 1.25723
-0.128924 1.25092
-0.120317 1.24458
-0.111712 1.23823
-0.10311 1.23186
-0.0945096 1.22548
-0.0859115 1.21908
-0.0773152 1.21268
-0.0687205 1.20626
-0.0601272 1.19984
-0.0515353 1.1934
-0.0429444 1.18696
-0.0343544 1.18052
-0.0257652 1.17407
-0.0171765 1.16761
-0.00858815 1.16116
-3.12639e-13 1.1547
