-4.16334e-17 1.1547
0.00360661 1.16311
0.00721799 1.17152
0.0108389 1.17993
0.0144741 1.18832
0.0181283 1.19671
0.0218064 1.20508
0.025513 1.21343
0.029253 1.22176
0.033031 1.23007
0.036852 1.23835
0.0407205 1.24661
0.0446415 1.25483
0.0486195 1.26302
0.0526595 1.27117
0.0567662 1.27928
0.0609443 1.28735
0.0651987 1.29537
0.0695339 1.30334
0.073955 1.31126
0.0784664 1.31913
0.0830732 1.32693
0.0877799 1.33468
0.0925915 1.34237
0.0975126 1.34998
0.102548 1.35753
0.107702 1.36501
0.112981 1.37241
0.118387 1.37973
0.123928 1.38698
0.129604 1.39414
0.135414 1.40121
0.141357 1.40821
0.14743 1.41512
0.15363 1.42194
0.159957 1.42868
0.166408 1.43534
0.17298 1.44191
0.179672 1.44839
0.186482 1.45479
0.193407 1.4611
0.200446 1.46732
0.207596 1.47345
0.214856 1.4795
0.222223 1.48546
0.229695 1.49133
0.237269 1.49711
0.244945 1.5028
0.25272 1.50841
0.260591 1.51392
0.268558 1.51934
0.276617 1.52467
0.284766 1.52991
0.293004 1.53505
0.301328 1.54011
0.309736 1.54507
0.318227 1.54994
0.326798 1.55472
0.335447 1.5594
0.344172 1.56399
0.35297 1.56848
0.361841 1.57288
0.370781 1.57719
0.379789 1.58139
0.388862 1.58551
0.397999 1.58952
0.407197 1.59344
0.416455 1.59726
0.425769 1.60099
0.435139 1.60462
0.444562 1.60814
0.454036 1.61157
0.463558 1.61491
0.473128 1.61814
0.482742 1.62127
0.492399 1.6243
0.502096 1.62723
0.511832 1.63006
0.521604 1.63279
0.53141 1.63542
0.541249 1.63794
0.551117 1.64036
0.561014 1.64268
0.570937 1.6449
0.580883 1.64701
0.590851 1.64902
0.600839 1.65092
0.610845 1.65272
0.620866 1.65442
0.630901 1.656
0.640947 1.65749
0.651002 1.65886
0.661064 1.66013
0.671132 1.6613
0.681202 1.66235
0.691273 1.6633
0.701344 1.66414
0.711411 1.66487
0.721473 1.66549
0.731527 1.666
0.741572 1.6664
0.751605 1.66669
0.761625 1.66687
0.771629 1.66694
0.781615 1.6669
0.791581 1.66675
0.801525 1.66648
0.811445 1.66611
0.821339 1.66562
0.831205 1.66501
0.84104 1.6643
0.850844 1.66346
0.860612 1.66252
0.870344 1.66146
0.880037 1.66028
0.88969 1.65899
0.8993 1.65759
0.908865 1.65606
0.918383 1.65442
0.927851 1.65267
0.937269 1.65079
0.946633 1.6488
0.955943 1.64669
0.965194 1.64446
0.974386 1.64211
0.983517 1.63964
0.992584 1.63706
1.00159 1.63435
1.01052 1.63152
1.01938 1.62857
1.02817 1.6255
1.03689 1.62231
1.04553 1.619
1.0541 1.61556
1.06258 1.612
1.07098 1.60832
1.07929 1.60451
1.08752 1.60058
1.09566 1.59653
1.10371 1.59235
1.11167 1.58804
1.11953 1.58361
1.1273 1.57906
1.13497 1.57438
1.14255 1.56959
1.15004 1.56467
1.15743 1.55963
1.16473 1.55447
1.17194 1.5492
1.17905 1.54381
1.18607 1.53831
1.193 1.53269
1.19984 1.52696
1.20658 1.52112
1.21323 1.51517
1.21979 1.50911
1.22626 1.50294
1.23264 1.49667
1.23892 1.49029
1.24512 1.48381
1.25122 1.47722
1.25724 1.47054
1.26316 1.46375
1.269 1.45686
1.27474 1.44988
1.28039 1.4428
1.28596 1.43562
1.29143 1.42835
1.29682 1.42098
1.30212 1.41353
1.30733 1.40598
1.31245 1.39834
1.31748 1.39061
1.32243 1.3828
1.32728 1.3749
1.33205 1.36691
1.33673 1.35885
1.34133 1.35069
1.34584 1.34246
1.35026 1.33415
1.35459 1.32575
1.35884 1.31728
1.363 1.30874
1.36708 1.30011
1.37107 1.29141
1.37497 1.28264
1.37879 1.2738
1.38253 1.26489
1.38618 1.2559
1.38974 1.24685
1.39322 1.23773
1.39662 1.22855
1.39993 1.2193
1.40316 1.20998
1.40631 1.20061
1.40937 1.19117
1.41235 1.18167
1.41524 1.17211
1.41805 1.1625
1.42078 1.15283
1.42343 1.1431
1.42599 1.13332
1.42848 1.12348
1.43088 1.1136
1.4332 1.10366
1.43544 1.09367
1.43759 1.08364
1.43967 1.07356
1.44167 1.06343
1.44358 1.05325
1.44542 1.04304
1.44717 1.03278
1.44884 1.02248
1.45044 1.01214
1.45195 1.00176
1.45339 0.99134
1.45475 0.980886
1.45603 0.970397
1.45722 0.959874
1.45835 0.949318
1.45939 0.93873
1.46035 0.928111
1.46124 0.917463
1.46205 0.906786
1.46278 0.896083
1.46343 0.885353
1.46401 0.874599
1.46451 0.863822
1.46493 0.853022
1.46528 0.842201
1.46555 0.83136
1.46575 0.8205
1.46587 0.809622
1.46591 0.798728
1.46588 0.787819
1.46577 0.776896
1.46559 0.76596
1.46534 0.755013
1.465 0.744054
1.4646 0.733087
1.46412 0.722111
1.46357 0.711129
1.46294 0.70014
1.46224 0.689147
1.46146 0.678151
1.46062 0.667152
1.4597 0.656153
1.4587 0.645153
1.45764 0.634155
1.4565 0.623159
1.45529 0.612167
1.45401 0.60118
1.45266 0.590199
1.45123 0.579226
1.44974 0.56826
1.44817 0.557305
1.44653 0.54636
1.44482 0.535427
1.44305 0.524507
1.4412 0.513602
1.43928 0.502712
1.43729 0.491839
1.43523 0.480984
1.4331 0.470147
1.43091 0.459332
1.42864 0.448537
1.4263 0.437765
1.4239 0.427017
1.42143 0.416294
1.41889 0.405598
1.41628 0.394928
1.41361 0.384287
1.41086 0.373676
1.40805 0.363096
1.40518 0.352548
1.40223 0.342033
1.39922 0.331553
1.39614 0.321108
1.393 0.3107
1.38979 0.30033
1.38651 0.289999
1.38317 0.279709
1.37977 0.26946
1.37629 0.259254
1.37276 0.249092
1.36915 0.238976
1.36549 0.228905
1.36176 0.218882
1.35796 0.208907
1.3541 0.198983
1.35018 0.189109
1.34619 0.179288
1.34214 0.16952
1.33803 0.159807
1.33385 0.150149
1.32961 0.140548
1.32531 0.131006
1.32095 0.121523
1.31652 0.1121
1.31203 0.102739
1.30748 0.0934411
1.30287 0.084207
1.2982 0.0750382
1.29346 0.0659358
1.28867 0.0569011
1.28381 0.0479351
1.2789 0.039039
1.27392 0.0302142
1.26888 0.0214617
1.26379 0.0127826
1.25863 0.00417834
1.25342 -0.00435007
1.24814 -0.0128014
1.24281 -0.0211745
1.23742 -0.0294681
1.23196 -0.0376812
1.22645 -0.0458124
1.22089 -0.0538606
1.21526 -0.0618247
1.20958 -0.0697034
1.20383 -0.0774955
1.19804 -0.0851999
1.19218 -0.0928155
1.18627 -0.100341
1.1803 -0.107775
1.17427 -0.115117
1.16819 -0.122365
1.16205 -0.129518
1.15585 -0.136575
1.1496 -0.143535
1.1433 -0.150397
1.13693 -0.157159
1.13052 -0.163821
1.12405 -0.17038
1.11752 -0.176836
1.11094 -0.183188
1.1043 -0.189435
1.09762 -0.195579
1.09087 -0.201621
1.08408 -0.207563
1.07724 -0.213408
1.07035 -0.219157
1.06341 -0.224813
1.05642 -0.230378
1.04938 -0.235854
1.0423 -0.241242
1.03518 -0.246545
1.02801 -0.251765
1.0208 -0.256904
1.01355 -0.261964
1.00625 -0.266946
0.998922 -0.271854
0.991551 -0.27669
0.984142 -0.281454
0.976696 -0.286149
0.969214 -0.290778
0.961698 -0.295342
0.954148 -0.299843
0.946566 -0.304284
0.938951 -0.308667
0.931306 -0.312992
0.923631 -0.317264
0.915927 -0.321483
0.908195 -0.325652
0.900437 -0.329772
0.892652 -0.333846
0.884843 -0.337876
0.87701 -0.341864
0.869153 -0.345812
0.861275 -0.349721
0.853376 -0.353595
0.845456 -0.357435
0.837518 -0.361242
0.829562 -0.365021
0.821588 -0.368771
0.813599 -0.372495
0.805594 -0.376196
0.797575 -0.379875
0.789543 -0.383535
0.781499 -0.387177
0.773444 -0.390803
0.765379 -0.394416
0.757304 -0.398018
0.749221 -0.40161
0.741131 -0.405195
0.733035 -0.408775
0.724933 -0.412351
0.716827 -0.415926
0.708718 -0.419503
0.700606 -0.423082
0.692493 -0.426666
0.68438 -0.430257
0.676267 -0.433858
0.668156 -0.437469
0.660047 -0.441094
0.651942 -0.444734
0.643842 -0.448391
0.635747 -0.452067
0.627658 -0.455765
0.619577 -0.459486
0.611504 -0.463233
0.603441 -0.467007
0.595388 -0.470811
0.587347 -0.474647
0.579318 -0.478516
0.571302 -0.482421
0.563301 -0.486364
0.555315 -0.490346
0.547345 -0.494371
0.539392 -0.498439
0.531458 -0.502554
0.523543 -0.506716
0.515649 -0.510928
0.507775 -0.515193
0.499924 -0.519512
0.492096 -0.523887
0.484292 -0.52832
0.476513 -0.532813
0.46876 -0.537369
0.461034 -0.54199
0.453337 -0.546676
0.445668 -0.551432
0.43803 -0.556258
0.430422 -0.561156
0.422847 -0.566129
0.415304 -0.571179
0.407796 -0.576308
0.400322 -0.581517
0.392885 -0.586809
0.385484 -0.592187
0.378121 -0.597651
0.370797 -0.603204
0.363513 -0.608848
0.35627 -0.614586
0.349068 -0.620418
0.341909 -0.626348
0.334795 -0.632377
0.327724 -0.638507
0.3207 -0.644741
0.313722 -0.65108
0.306792 -0.657526
0.299911 -0.664082
0.293079 -0.67075
0.286298 -0.677531
0.279569 -0.684428
0.272892 -0.691442
0.266269 -0.698576
0.259701 -0.705832
0.253188 -0.713212
0.246731 -0.720718
0.240332 -0.728352
0.233992 -0.736115
0.227711 -0.744011
0.22149 -0.752041
0.215331 -0.760207
0.209234 -0.768511
0.203201 -0.776955
0.197232 -0.785542
0.191328 -0.794273
0.185491 -0.80315
0.179721 -0.812176
0.17402 -0.821353
0.168388 -0.830681
0.162826 -0.840165
0.157335 -0.849805
0.151916 -0.859604
0.146571 -0.869563
0.1413 -0.879685
0.136104 -0.889972
0.130985 -0.900426
0.125942 -0.911049
0.120977 -0.921843
0.116091 -0.932795
0.111279 -0.943872
0.10654 -0.955035
0.101871 -0.966248
0.0972697 -0.977474
0.0927324 -0.988676
0.088257 -0.999818
0.0838408 -1.01086
0.0794809 -1.02177
0.0751749 -1.03251
0.0709199 -1.04303
0.0667133 -1.05332
0.0625524 -1.06332
0.0584346 -1.073
0.054357 -1.08232
0.0503171 -1.09125
0.0463122 -1.09975
0.0423395 -1.10778
0.0383963 -1.11531
0.0344801 -1.12229
0.030588 -1.1287
0.0267175 -1.13449
0.0228657 -1.13963
0.0190301 -1.14408
0.015208 -1.14781
0.0113966 -1.15077
0.00759324 -1.15293
0.00379528 -1.15425
2.53402e-09 -1.1547
-0.00379527 -1.15425
-0.00759324 -1.15293
-0.0113966 -1.15077
-0.015208 -1.14781
-0.0190301 -1.14408
-0.0228657 -1.13963
-0.0267175 -1.13449
-0.030588 -1.1287
-0.0344801 -1.12229
-0.0383963 -1.11531
-0.0423395 -1.10778
-0.0463122 -1.09975
-0.0503171 -1.09125
-0.054357 -1.08232
-0.0584346 -1.073
-0.0625524 -1.06332
-0.0667133 -1.05332
-0.0709199 -1.04303
-0.0751749 -1.03251
-0.0794809 -1.02177
-0.0838408 -1.01086
-0.088257 -0.999818
-0.0927324 -0.988677
-0.0972697 -0.977474
-0.101871 -0.966248
-0.10654 -0.955035
-0.111279 -0.943872
-0.116091 -0.932795
-0.120977 -0.921843
-0.125942 -0.911049
-0.130985 -0.900426
-0.136104 -0.889972
-0.1413 -0.879685
-0.146571 -0.869563
-0.151916 -0.859604
-0.157335 -0.849805
-0.162826 -0.840165
-0.168388 -0.830681
-0.17402 -0.821353
-0.179721 -0.812176
-0.185491 -0.80315
-0.191328 -0.794273
-0.197232 -0.785542
-0.203201 -0.776955
-0.209234 -0.768511
-0.215331 -0.760207
-0.22149 -0.752041
-0.227711 -0.744011
-0.233992 -0.736115
-0.240332 -0.728352
-0.246731 -0.720718
-0.253188 -0.713212
-0.259701 -0.705832
-0.266269 -0.698576
-0.272892 -0.691442
-0.279569 -0.684428
-0.286298 -0.677531
-0.293079 -0.67075
-0.299911 -0.664082
-0.306792 -0.657526
-0.313722 -0.65108
-0.3207 -0.644741
-0.327724 -0.638507
-0.334795 -0.632377
-0.341909 -0.626348
-0.349068 -0.620418
-0.35627 -0.614586
-0.363513 -0.608848
-0.370797 -0.603204
-0.378121 -0.597651
-0.385484 -0.592187
-0.392885 -0.586809
-0.400322 -0.581517
-0.407796 -0.576308
-0.415304 -0.571179
-0.422847 -0.566129
-0.430422 -0.561156
-0.43803 -0.556258
-0.445668 -0.551432
-0.453337 -0.546676
-0.461034 -0.54199
-0.46876 -0.537369
-0.476513 -0.532813
-0.484292 -0.52832
-0.492096 -0.523887
-0.499924 -0.519512
-0.507775 -0.515193
-0.515649 -0.510928
-0.523543 -0.506716
-0.531458 -0.502554
-0.539392 -0.498439
-0.547345 -0.494371
-0.555315 -0.490346
-0.563301 -0.486364
-0.571302 -0.482421
-0.579318 -0.478516
-0.587347 -0.474647
-0.595388 -0.470811
-0.603441 -0.467008
-0.611504 -0.463233
-0.619577 -0.459486
-0.627658 -0.455765
-0.635747 -0.452067
-0.643842 -0.448391
-0.651942 -0.444734
-0.660047 -0.441094
-0.668156 -0.437469
-0.676267 -0.433858
-0.68438 -0.430257
-0.692493 -0.426666
-0.700606 -0.423082
-0.708718 -0.419503
-0.716827 -0.415926
-0.724933 -0.412351
-0.733035 -0.408775
-0.741131 -0.405195
-0.749221 -0.40161
-0.757304 -0.398018
-0.765379 -0.394416
-0.773444 -0.390803
-0.781499 -0.387177
-0.789543 -0.383535
-0.797575 -0.379875
-0.805594 -0.376196
-0.813599 -0.372495
-0.821588 -0.368771
-0.829562 -0.365021
-0.837518 -0.361243
-0.845456 -0.357435
-0.853376 -0.353595
-0.861275 -0.349721
-0.869153 -0.345812
-0.87701 -0.341864
-0.884843 -0.337876
-0.892652 -0.333846
-0.900437 -0.329772
-0.908195 -0.325652
-0.915927 -0.321483
-0.923631 -0.317264
-0.931306 -0.312992
-0.938951 -0.308667
-0.946566 -0.304284
-0.954148 -0.299843
-0.961698 -0.295342
-0.969214 -0.290778
-0.976696 -0.286149
-0.984142 -0.281454
-0.991551 -0.27669
-0.998922 -0.271854
-1.00625 -0.266946
-1.01355 -0.261964
-1.0208 -0.256904
-1.02801 -0.251765
-1.03518 -0.246545
-1.0423 -0.241242
-1.04938 -0.235854
-1.05642 -0.230378
-1.06341 -0.224813
-1.07035 -0.219157
-1.07724 -0.213408
-1.08408 -0.207563
-1.09087 -0.201621
-1.09762 -0.195579
-1.1043 -0.189435
-1.11094 -0.183188
-1.11752 -0.176836
-1.12405 -0.17038
-1.13052 -0.163821
-1.13693 -0.157159
-1.1433 -0.150397
-1.1496 -0.143535
-1.15585 -0.136575
-1.16205 -0.129518
-1.16819 -0.122365
-1.17427 -0.115117
-1.1803 -0.107775
-1.18627 -0.100341
-1.19218 -0.0928155
-1.19804 -0.0852
-1.20383 -0.0774955
-1.20958 -0.0697034
-1.21526 -0.0618247
-1.22089 -0.0538606
-1.22645 -0.0458124
-1.23196 -0.0376812
-1.23742 -0.0294681
-1.24281 -0.0211745
-1.24814 -0.0128014
-1.25342 -0.00435008
-1.25863 0.00417833
-1.26379 0.0127826
-1.26888 0.0214616
-1.27392 0.0302142
-1.2789 0.039039
-1.28381 0.0479351
-1.28867 0.056901
-1.29346 0.0659358
-1.2982 0.0750382
-1.30287 0.084207
-1.30748 0.0934411
-1.31203 0.102739
-1.31652 0.1121
-1.32095 0.121523
-1.32531 0.131006
-1.32961 0.140548
-1.33385 0.150149
-1.33803 0.159807
-1.34214 0.16952
-1.34619 0.179288
-1.35018 0.189109
-1.3541 0.198983
-1.35796 0.208907
-1.36176 0.218882
-1.36549 0.228905
-1.36915 0.238976
-1.37276 0.249092
-1.37629 0.259254
-1.37977 0.26946
-1.38317 0.279709
-1.38651 0.289999
-1.38979 0.30033
-1.393 0.3107
-1.39614 0.321108
-1.39922 0.331553
-1.40223 0.342033
-1.40518 0.352548
-1.40805 0.363096
-1.41086 0.373676
-1.41361 0.384287
-1.41628 0.394928
-1.41889 0.405598
-1.42143 0.416294
-1.4239 0.427017
-1.4263 0.437765
-1.42864 0.448537
-1.43091 0.459332
-1.4331 0.470147
-1.43523 0.480984
-1.43729 0.491839
-1.43928 0.502712
-1.4412 0.513602
-1.44305 0.524507
-1.44482 0.535427
-1.44653 0.54636
-1.44817 0.557305
-1.44974 0.56826
-1.45123 0.579226
-1.45266 0.590199
-1.45401 0.60118
-1.45529 0.612167
-1.4565 0.623159
-1.45764 0.634155
-1.4587 0.645153
-1.4597 0.656153
-1.46062 0.667152
-1.46146 0.678151
-1.46224 0.689147
-1.46294 0.70014
-1.46357 0.711128
-1.46412 0.722111
-1.4646 0.733087
-1.465 0.744054
-1.46534 0.755013
-1.46559 0.76596
-1.46577 0.776896
-1.46588 0.787819
-1.46591 0.798728
-1.46587 0.809622
-1.46575 0.8205
-1.46555 0.83136
-1.46528 0.842201
-1.46493 0.853022
-1.46451 0.863822
-1.46401 0.874599
-1.46343 0.885353
-1.46278 0.896083
-1.46205 0.906786
-1.46124 0.917463
-1.46035 0.928111
-1.45939 0.938729
-1.45835 0.949318
-1.45722 0.959874
-1.45603 0.970397
-1.45475 0.980886
-1.45339 0.99134
-1.45195 1.00176
-1.45044 1.01214
-1.44884 1.02248
-1.44717 1.03278
-1.44542 1.04304
-1.44358 1.05325
-1.44167 1.06343
-1.43967 1.07356
-1.43759 1.08364
-1.43544 1.09367
-1.4332 1.10366
-1.43088 1.1136
-1.42848 1.12348
-1.42599 1.13332
-1.42343 1.1431
-1.42078 1.15283
-1.41805 1.1625
-1.41524 1.17211
-1.41235 1.18167
-1.40937 1.19117
-1.40631 1.20061
-1.40316 1.20998
-1.39993 1.2193
-1.39662 1.22855
-1.39322 1.23773
-1.38974 1.24685
-1.38618 1.2559
-1.38253 1.26489
-1.37879 1.2738
-1.37497 1.28264
-1.37107 1.29141
-1.36708 1.30011
-1.363 1.30874
-1.35884 1.31728
-1.35459 1.32575
-1.35026 1.33415
-1.34584 1.34246
-1.34133 1.35069
-1.33673 1.35885
-1.33205 1.36691
-1.32728 1.3749
-1.32243 1.3828
-1.31748 1.39061
-1.31245 1.39834
-1.30733 1.40598
-1.30212 1.41353
-1.29682 1.42098
-1.29143 1.42835
-1.28596 1.43562
-1.28039 1.4428
-1.27474 1.44988
-1.269 1.45686
-1.26316 1.46375
-1.25724 1.47054
-1.25122 1.47722
-1.24512 1.48381
-1.23892 1.49029
-1.23264 1.49667
-1.22626 1.50294
-1.21979 1.50911
-1.21323 1.51517
-1.20658 1.52112
-1.19984 1.52696
-1.193 1.53269
-1.18607 1.53831
-1.17905 1.54381
-1.17194 1.5492
-1.16473 1.55447
-1.15743 1.55963
-1.15004 1.56467
-1.14255 1.56959
-1.13497 1.57438
-1.1273 1.57906
-1.11953 1.58361
-1.11167 1.58804
-1.10371 1.59235
-1.09566 1.59653
-1.08752 1.60058
-1.07929 1.60451
-1.07098 1.60832
-1.06258 1.612
-1.0541 1.61556
-1.04553 1.619
-1.03689 1.62231
-1.02817 1.6255
-1.01938 1.62857
-1.01052 1.63152
-1.00159 1.63435
-0.992584 1.63706
-0.983517 1.63964
-0.974386 1.64211
-0.965194 1.64446
-0.955943 1.64669
-0.946633 1.6488
-0.937269 1.65079
-0.927851 1.65267
-0.918383 1.65442
-0.908865 1.65606
-0.8993 1.65759
-0.88969 1.65899
-0.880037 1.66028
-0.870344 1.66146
-0.860612 1.66252
-0.850844 1.66346
-0.841041 1.6643
-0.831205 1.66501
-0.821339 1.66562
-0.811445 1.66611
-0.801525 1.66648
-0.791581 1.66675
-0.781615 1.6669
-0.771629 1.66694
-0.761625 1.66687
-0.751605 1.66669
-0.741572 1.6664
-0.731527 1.666
-0.721473 1.66549
-0.711411 1.66487
-0.701344 1.66414
-0.691273 1.6633
-0.681202 1.66235
-0.671132 1.6613
-0.661064 1.66013
-0.651002 1.65886
-0.640947 1.65749
-0.630901 1.656
-0.620866 1.65442
-0.610845 1.65272
-0.600839 1.65092
-0.590851 1.64902
-0.580883 1.64701
-0.570937 1.6449
-0.561014 1.64268
-0.551117 1.64036
-0.541249 1.63794
-0.53141 1.63542
-0.521604 1.63279
-0.511832 1.63006
-0.502096 1.62723
-0.492399 1.6243
-0.482742 1.62127
-0.473128 1.61814
-0.463559 1.61491
-0.454036 1.61157
-0.444562 1.60814
-0.435139 1.60462
-0.425769 1.60099
-0.416455 1.59726
-0.407197 1.59344
-0.397999 1.58952
-0.388862 1.58551
-0.379789 1.58139
-0.370781 1.57719
-0.361841 1.57288
-0.35297 1.56848
-0.344172 1.56399
-0.335447 1.5594
-0.326798 1.55472
-0.318227 1.54994
-0.309736 1.54507
-0.301328 1.54011
-0.293004 1.53505
-0.284766 1.52991
-0.276617 1.52467
-0.268558 1.51934
-0.260591 1.51392
-0.25272 1.50841
-0.244945 1.5028
-0.237269 1.49711
-0.229695 1.49133
-0.222223 1.48546
-0.214856 1.4795
-0.207596 1.47345
-0.200446 1.46732
-0.193407 1.4611
-0.186482 1.45479
-0.179672 1.44839
-0.17298 1.44191
-0.166408 1.43534
-0.159957 1.42868
-0.15363 1.42194
-0.14743 1.41512
-0.141357 1.40821
-0.135414 1.40121
-0.129604 1.39414
-0.123928 1.38698
-0.118387 1.37973
-0.112981 1.37241
-0.107702 1.36501
-0.102548 1.35753
-0.0975126 1.34998
-0.0925915 1.34237
-0.08778 1.33468
-0.0830732 1.32693
-0.0784665 1.31913
-0.073955 1.31126
-0.0695339 1.30334
-0.0651987 1.29537
-0.0609443 1.28735
-0.0567662 1.27928
-0.0526596 1.27117
-0.0486195 1.26302
-0.0446415 1.25483
-0.0407205 1.24661
-0.036852 1.23835
-0.033031 1.23007
-0.029253 1.22176
-0.025513 1.21343
-0.0218064 1.20508
-0.0181283 1.19671
-0.0144741 1.18832
-0.0108389 1.17993
-0.00721799 1.17152
-0.00360661 1.16311
-2.27374e-13 1.1547
