-5 0.0384615 0.0384615 0.0384615
-4.99 0.0386099 0.0386069 0.03861
-4.98 0.0387591 0.0387533 0.0387594
-4.97 0.0389091 0.0389007 0.0389098
-4.96 0.0390601 0.0390493 0.0390612
-4.95 0.0392118 0.039199 0.0392135
-4.94 0.0393645 0.0393497 0.0393669
-4.93 0.039518 0.0395016 0.0395213
-4.92 0.0396725 0.0396545 0.0396767
-4.91 0.0398278 0.0398085 0.0398332
-4.9 0.039984 0.0399636 0.0399906
-4.89 0.0401411 0.0401198 0.0401491
-4.88 0.0402992 0.040277 0.0403085
-4.87 0.0404581 0.0404354 0.0404691
-4.86 0.040618 0.0405948 0.0406306
-4.85 0.0407789 0.0407554 0.0407932
-4.84 0.0409407 0.040917 0.0409568
-4.83 0.0411034 0.0410797 0.0411215
-4.82 0.0412671 0.0412435 0.0412872
-4.81 0.0414317 0.0414084 0.041454
-4.8 0.0415973 0.0415743 0.0416218
-4.79 0.0417639 0.0417414 0.0417907
-4.78 0.0419315 0.0419095 0.0419607
-4.77 0.0421001 0.0420788 0.0421317
-4.76 0.0422697 0.0422491 0.0423038
-4.75 0.0424403 0.0424205 0.042477
-4.74 0.0426119 0.042593 0.0426512
-4.73 0.0427846 0.0427665 0.0428266
-4.72 0.0429583 0.0429412 0.043003
-4.71 0.043133 0.043117 0.0431806
-4.7 0.0433088 0.0432938 0.0433592
-4.69 0.0434856 0.0434717 0.0435389
-4.68 0.0436635 0.0436507 0.0437197
-4.67 0.0438425 0.0438308 0.0439017
-4.66 0.0440226 0.044012 0.0440847
-4.65 0.0442038 0.0441943 0.0442689
-4.64 0.0443861 0.0443777 0.0444542
-4.63 0.0445694 0.0445621 0.0446406
-4.62 0.0447539 0.0447476 0.0448281
-4.61 0.0449396 0.0449343 0.0450168
-4.6 0.0451264 0.045122 0.0452066
-4.59 0.0453143 0.0453108 0.0453975
-4.58 0.0455034 0.0455006 0.0455896
-4.57 0.0456936 0.0456916 0.0457829
-4.56 0.045885 0.0458837 0.0459773
-4.55 0.0460776 0.0460768 0.0461728
-4.54 0.0462714 0.046271 0.0463695
-4.53 0.0464665 0.0464664 0.0465674
-4.52 0.0466627 0.0466628 0.0467664
-4.51 0.0468601 0.0468602 0.0469666
-4.5 0.0470588 0.0470588 0.047168
-4.49 0.0472588 0.0472585 0.0473706
-4.48 0.0474599 0.0474592 0.0475743
-4.47 0.0476624 0.0476611 0.0477793
-4.46 0.0478661 0.047864 0.0479854
-4.45 0.0480711 0.048068 0.0481927
-4.44 0.0482775 0.0482731 0.0484012
-4.43 0.0484851 0.0484793 0.048611
-4.42 0.048694 0.0486866 0.0488219
-4.41 0.0489043 0.0488949 0.049034
-4.4 0.0491159 0.0491044 0.0492474
-4.39 0.0493289 0.0493149 0.049462
-4.38 0.0495432 0.0495265 0.0496778
-4.37 0.0497589 0.0497393 0.0498948
-4.36 0.049976 0.0499531 0.0501131
-4.35 0.0501945 0.0501679 0.0503326
-4.34 0.0504144 0.0503839 0.0505533
-4.33 0.0506357 0.050601 0.0507753
-4.32 0.0508585 0.0508191 0.0509985
-4.31 0.0510827 0.0510383 0.051223
-4.3 0.0513084 0.0512587 0.0514487
-4.29 0.0515355 0.0514801 0.0516757
-4.28 0.0517641 0.0517026 0.0519039
-4.27 0.0519942 0.0519261 0.0521334
-4.26 0.0522259 0.0521508 0.0523642
-4.25 0.052459 0.0523766 0.0525963
-4.24 0.0526937 0.0526034 0.0528296
-4.23 0.0529299 0.0528313 0.0530643
-4.22 0.0531677 0.0530603 0.0533002
-4.21 0.0534071 0.0532904 0.0535374
-4.2 0.0536481 0.0535216 0.0537759
-4.19 0.0538906 0.0537539 0.0540156
-4.18 0.0541348 0.0539873 0.0542567
-4.17 0.0543806 0.0542217 0.0544991
-4.16 0.0546281 0.0544573 0.0547428
-4.15 0.0548772 0.0546939 0.0549879
-4.14 0.055128 0.0549316 0.0552342
-4.13 0.0553805 0.0551704 0.0554819
-4.12 0.0556347 0.0554103 0.0557308
-4.11 0.0558906 0.0556513 0.0559812
-4.1 0.0561482 0.0558933 0.0562328
-4.09 0.0564076 0.0561365 0.0564858
-4.08 0.0566688 0.0563807 0.0567401
-4.07 0.0569317 0.056626 0.0569958
-4.06 0.0571965 0.0568724 0.0572528
-4.05 0.057463 0.0571199 0.0575112
-4.04 0.0577314 0.0573685 0.0577709
-4.03 0.0580016 0.0576182 0.058032
-4.02 0.0582737 0.0578689 0.0582945
-4.01 0.0585477 0.0581208 0.0585583
-4 0.0588235 0.0583737 0.0588235
-3.99 0.0591013 0.0586289 0.0590901
-3.98 0.059381 0.0588877 0.0593581
-3.97 0.0596627 0.05915 0.0596276
-3.96 0.0599463 0.0594159 0.0598986
-3.95 0.0602319 0.0596853 0.0601712
-3.94 0.0605195 0.0599582 0.0604453
-3.93 0.0608091 0.0602347 0.0607211
-3.92 0.0611008 0.0605147 0.0609987
-3.91 0.0613945 0.0607983 0.0612779
-3.9 0.0616903 0.0610854 0.061559
-3.89 0.0619882 0.061376 0.0618419
-3.88 0.0622882 0.0616702 0.0621267
-3.87 0.0625904 0.0619679 0.0624134
-3.86 0.0628947 0.0622692 0.0627021
-3.85 0.0632011 0.062574 0.0629928
-3.84 0.0635098 0.0628823 0.0632856
-3.83 0.0638207 0.0631942 0.0635805
-3.82 0.0641338 0.0635096 0.0638776
-3.81 0.0644492 0.0638286 0.0641768
-3.8 0.0647668 0.0641511 0.0644784
-3.79 0.0650868 0.0644771 0.0647822
-3.78 0.0654091 0.0648067 0.0650884
-3.77 0.0657337 0.0651398 0.065397
-3.76 0.0660607 0.0654764 0.065708
-3.75 0.06639 0.0658166 0.0660215
-3.74 0.0667218 0.0661603 0.0663375
-3.73 0.067056 0.0665076 0.0666561
-3.72 0.0673927 0.0668584 0.0669773
-3.71 0.0677319 0.0672128 0.0673013
-3.7 0.0680735 0.0675707 0.0676279
-3.69 0.0684177 0.0679321 0.0679573
-3.68 0.0687644 0.068297 0.0682895
-3.67 0.0691138 0.0686656 0.0686245
-3.66 0.0694657 0.0690376 0.0689625
-3.65 0.0698202 0.0694132 0.0693034
-3.64 0.0701774 0.0697923 0.0696473
-3.63 0.0705373 0.070175 0.0699942
-3.62 0.0708999 0.0705612 0.0703442
-3.61 0.0712652 0.0709509 0.0706974
-3.6 0.0716332 0.0713442 0.0710537
-3.59 0.0720041 0.071741 0.0714133
-3.58 0.0723778 0.0721414 0.0717761
-3.57 0.0727543 0.0725453 0.0721423
-3.56 0.0731336 0.0729527 0.0725118
-3.55 0.0735159 0.0733637 0.0728847
-3.54 0.0739011 0.0737782 0.0732611
-3.53 0.0742892 0.0741963 0.073641
-3.52 0.0746804 0.0746179 0.0740244
-3.51 0.0750745 0.075043 0.0744115
-3.5 0.0754717 0.0754717 0.0748021
-3.49 0.075872 0.0759039 0.0751965
-3.48 0.0762753 0.0763397 0.0755946
-3.47 0.0766818 0.076779 0.0759965
-3.46 0.0770915 0.0772218 0.0764022
-3.45 0.0775044 0.0776682 0.0768117
-3.44 0.0779205 0.0781181 0.0772252
-3.43 0.0783398 0.0785715 0.0776427
-3.42 0.0787625 0.0790285 0.0780642
-3.41 0.0791885 0.0794891 0.0784897
-3.4 0.0796178 0.0799531 0.0789193
-3.39 0.0800506 0.0804208 0.0793531
-3.38 0.0804868 0.0808919 0.0797911
-3.37 0.0809264 0.0813666 0.0802333
-3.36 0.0813696 0.0818448 0.0806798
-3.35 0.0818163 0.0823266 0.0811306
-3.34 0.0822666 0.0828119 0.0815858
-3.33 0.0827205 0.0833007 0.0820455
-3.32 0.0831781 0.0837931 0.0825096
-3.31 0.0836393 0.0842891 0.0829783
-3.3 0.0841043 0.0847885 0.0834515
-3.29 0.084573 0.0852915 0.0839293
-3.28 0.0850456 0.0857981 0.0844118
-3.27 0.085522 0.0863082 0.0848989
-3.26 0.0860023 0.0868218 0.0853909
-3.25 0.0864865 0.087339 0.0858876
-3.24 0.0869747 0.0878597 0.0863892
-3.23 0.0874669 0.0883839 0.0868956
-3.22 0.0879631 0.0889117 0.087407
-3.21 0.0884635 0.089443 0.0879234
-3.2 0.088968 0.0899779 0.0884448
-3.19 0.0894767 0.0905163 0.0889713
-3.18 0.0899896 0.0910582 0.0895029
-3.17 0.0905067 0.0916037 0.0900397
-3.16 0.0910283 0.0921527 0.0905817
-3.15 0.0915541 0.0927053 0.0911289
-3.14 0.0920844 0.0932614 0.0916814
-3.13 0.0926192 0.093821 0.0922393
-3.12 0.0931584 0.0943842 0.0928026
-3.11 0.0937023 0.0949509 0.0933714
-3.1 0.0942507 0.0955212 0.0939456
-3.09 0.0948038 0.0960949 0.0945254
-3.08 0.0953616 0.0966723 0.0951107
-3.07 0.0959242 0.0972532 0.0957017
-3.06 0.0964916 0.0978376 0.0962983
-3.05 0.0970638 0.0984255 0.0969007
-3.04 0.097641 0.099017 0.0975088
-3.03 0.0982231 0.099612 0.0981228
-3.02 0.0988103 0.100211 0.0987426
-3.01 0.0994026 0.100813 0.0993683
-3 0.1 0.101418 0.1
-2.99 0.100603 0.102028 0.100638
-2.98 0.10121 0.102643 0.101281
-2.97 0.101824 0.103263 0.101931
-2.96 0.102442 0.103887 0.102587
-2.95 0.103066 0.104517 0.103249
-2.94 0.103696 0.105151 0.103917
-2.93 0.104331 0.105791 0.104592
-2.92 0.104971 0.106435 0.105273
-2.91 0.105618 0.107084 0.10596
-2.9 0.10627 0.107738 0.106653
-2.89 0.106928 0.108397 0.107353
-2.88 0.107592 0.109061 0.108059
-2.87 0.108261 0.10973 0.108772
-2.86 0.108937 0.110404 0.109491
-2.85 0.109619 0.111082 0.110217
-2.84 0.110307 0.111766 0.110949
-2.83 0.111001 0.112455 0.111688
-2.82 0.111702 0.113148 0.112434
-2.81 0.112409 0.113846 0.113186
-2.8 0.113122 0.114549 0.113945
-2.79 0.113842 0.115258 0.114711
-2.78 0.114569 0.115971 0.115484
-2.77 0.115302 0.116689 0.116263
-2.76 0.116042 0.117412 0.11705
-2.75 0.116788 0.118139 0.117843
-2.74 0.117542 0.118872 0.118644
-2.73 0.118303 0.11961 0.119451
-2.72 0.11907 0.120352 0.120266
-2.71 0.119845 0.1211 0.121087
-2.7 0.120627 0.121852 0.121916
-2.69 0.121417 0.122609 0.122752
-2.68 0.122214 0.123371 0.123595
-2.67 0.123018 0.124139 0.124445
-2.66 0.12383 0.124911 0.125303
-2.65 0.124649 0.125687 0.126168
-2.64 0.125477 0.126469 0.12704
-2.63 0.126312 0.127256 0.12792
-2.62 0.127155 0.128048 0.128807
-2.61 0.128007 0.128844 0.129702
-2.6 0.128866 0.129646 0.130604
-2.59 0.129734 0.130452 0.131514
-2.58 0.13061 0.131264 0.132431
-2.57 0.131494 0.13208 0.133356
-2.56 0.132387 0.132901 0.134289
-2.55 0.133289 0.133727 0.135229
-2.54 0.134199 0.134558 0.136177
-2.53 0.135119 0.135394 0.137134
-2.52 0.136047 0.136235 0.138097
-2.51 0.136984 0.13708 0.139069
-2.5 0.137931 0.137931 0.140049
-2.49 0.138887 0.138787 0.141036
-2.48 0.139852 0.139647 0.142032
-2.47 0.140827 0.140512 0.143036
-2.46 0.141812 0.141383 0.144047
-2.45 0.142806 0.142258 0.145067
-2.44 0.14381 0.143138 0.146095
-2.43 0.144825 0.144023 0.147132
-2.42 0.145849 0.144913 0.148176
-2.41 0.146884 0.145808 0.149229
-2.4 0.147929 0.146708 0.15029
-2.39 0.148985 0.147612 0.151359
-2.38 0.150051 0.148522 0.152437
-2.37 0.151128 0.149436 0.153523
-2.36 0.152216 0.150356 0.154618
-2.35 0.153315 0.15128 0.155721
-2.34 0.154426 0.152209 0.156833
-2.33 0.155548 0.153143 0.157953
-2.32 0.156681 0.154083 0.159082
-2.31 0.157826 0.155027 0.16022
-2.3 0.158983 0.155975 0.161366
-2.29 0.160151 0.156929 0.162521
-2.28 0.161332 0.157888 0.163685
-2.27 0.162525 0.158852 0.164858
-2.26 0.16373 0.15982 0.166039
-2.25 0.164948 0.160794 0.16723
-2.24 0.166179 0.161772 0.168429
-2.23 0.167423 0.162755 0.169638
-2.22 0.16868 0.163743 0.170855
-2.21 0.16995 0.164737 0.172082
-2.2 0.171233 0.165735 0.173317
-2.19 0.17253 0.166738 0.174562
-2.18 0.17384 0.167745 0.175816
-2.17 0.175165 0.168758 0.177079
-2.16 0.176504 0.169776 0.178351
-2.15 0.177857 0.170798 0.179633
-2.14 0.179224 0.171826 0.180924
-2.13 0.180606 0.172858 0.182224
-2.12 0.182003 0.173896 0.183534
-2.11 0.183416 0.174938 0.184853
-2.1 0.184843 0.175985 0.186182
-2.09 0.186286 0.177037 0.18752
-2.08 0.187744 0.178094 0.188868
-2.07 0.189218 0.179156 0.190226
-2.06 0.190709 0.180223 0.191593
-2.05 0.192215 0.181295 0.192969
-2.04 0.193738 0.182371 0.194356
-2.03 0.195278 0.183453 0.195752
-2.02 0.196835 0.184539 0.197158
-2.01 0.198409 0.185631 0.198574
-2 0.2 0.186727 0.2
-1.99 0.201609 0.187852 0.201436
-1.98 0.203236 0.18903 0.202882
-1.97 0.20488 0.190261 0.20434
-1.96 0.206543 0.191545 0.205809
-1.95 0.208225 0.192881 0.207291
-1.94 0.209925 0.19427 0.208786
-1.93 0.211645 0.195712 0.210295
-1.92 0.213383 0.197207 0.211819
-1.91 0.215142 0.198755 0.213357
-1.9 0.21692 0.200356 0.214911
-1.89 0.218718 0.202009 0.216482
-1.88 0.220536 0.203715 0.218069
-1.87 0.222375 0.205474 0.219674
-1.86 0.224235 0.207286 0.221298
-1.85 0.226116 0.209151 0.22294
-1.84 0.228019 0.211068 0.224602
-1.83 0.229943 0.213039 0.226284
-1.82 0.231889 0.215062 0.227987
-1.81 0.233858 0.217138 0.229712
-1.8 0.235849 0.219266 0.231458
-1.79 0.237863 0.221448 0.233228
-1.78 0.2399 0.223682 0.235021
-1.77 0.241961 0.22597 0.236838
-1.76 0.244045 0.22831 0.23868
-1.75 0.246154 0.230703 0.240547
-1.74 0.248287 0.233148 0.24244
-1.73 0.250445 0.235647 0.24436
-1.72 0.252627 0.238198 0.246307
-1.71 0.254836 0.240802 0.248282
-1.7 0.257069 0.243459 0.250286
-1.69 0.259329 0.246169 0.252318
-1.68 0.261616 0.248932 0.254381
-1.67 0.263929 0.251747 0.256475
-1.66 0.266269 0.254616 0.258599
-1.65 0.268637 0.257537 0.260755
-1.64 0.271032 0.260511 0.262944
-1.63 0.273456 0.263538 0.265166
-1.62 0.275908 0.266617 0.267422
-1.61 0.278389 0.26975 0.269712
-1.6 0.280899 0.272935 0.272037
-1.59 0.283439 0.276173 0.274397
-1.58 0.286008 0.279464 0.276794
-1.57 0.288609 0.282807 0.279228
-1.56 0.29124 0.286204 0.2817
-1.55 0.293902 0.289653 0.28421
-1.54 0.296595 0.293155 0.286759
-1.53 0.299321 0.29671 0.289347
-1.52 0.302078 0.300318 0.291975
-1.51 0.304869 0.303979 0.294645
-1.5 0.307692 0.307692 0.297356
-1.49 0.310549 0.311459 0.300108
-1.48 0.31344 0.315278 0.302904
-1.47 0.316366 0.31915 0.305743
-1.46 0.319326 0.323074 0.308626
-1.45 0.322321 0.327052 0.311554
-1.44 0.325351 0.331082 0.314527
-1.43 0.328418 0.335166 0.317546
-1.42 0.331521 0.339302 0.320612
-1.41 0.334661 0.34349 0.323725
-1.4 0.337838 0.347732 0.326886
-1.39 0.341052 0.352027 0.330095
-1.38 0.344305 0.356374 0.333354
-1.37 0.347596 0.360774 0.336663
-1.36 0.350926 0.365227 0.340022
-1.35 0.354296 0.369733 0.343432
-1.34 0.357705 0.374291 0.346894
-1.33 0.361154 0.378903 0.350408
-1.32 0.364644 0.383567 0.353975
-1.31 0.368175 0.388284 0.357596
-1.3 0.371747 0.393054 0.361272
-1.29 0.375361 0.397877 0.365002
-1.28 0.379018 0.402752 0.368788
-1.27 0.382717 0.407681 0.372631
-1.26 0.386458 0.412662 0.37653
-1.25 0.390244 0.417696 0.380487
-1.24 0.394073 0.422783 0.384502
-1.23 0.397947 0.427922 0.388576
-1.22 0.401865 0.433115 0.392709
-1.21 0.405828 0.43836 0.396903
-1.2 0.409836 0.443658 0.401157
-1.19 0.41389 0.449009 0.405473
-1.18 0.41799 0.454413 0.40985
-1.17 0.422137 0.45987 0.414291
-1.16 0.42633 0.465379 0.418795
-1.15 0.430571 0.470941 0.423363
-1.14 0.434858 0.476556 0.427995
-1.13 0.439194 0.482224 0.432693
-1.12 0.443577 0.487945 0.437457
-1.11 0.448009 0.493718 0.442287
-1.1 0.452489 0.499545 0.447185
-1.09 0.457018 0.505424 0.45215
-1.08 0.461595 0.511356 0.457184
-1.07 0.466222 0.517341 0.462288
-1.06 0.470898 0.523378 0.46746
-1.05 0.475624 0.529469 0.472704
-1.04 0.4804 0.535612 0.478018
-1.03 0.485225 0.541808 0.483405
-1.02 0.4901 0.548057 0.488863
-1.01 0.495025 0.554359 0.494395
-1 0.5 0.560713 0.5
-0.99 0.505025 0.567062 0.505679
-0.98 0.5101 0.573348 0.51143
-0.97 0.515225 0.579569 0.51725
-0.96 0.5204 0.585727 0.523136
-0.95 0.525624 0.591821 0.529086
-0.94 0.530898 0.597851 0.535097
-0.93 0.536222 0.603817 0.541167
-0.92 0.541594 0.609719 0.547293
-0.91 0.547016 0.615558 0.553473
-0.9 0.552486 0.621333 0.559703
-0.89 0.558005 0.627044 0.565981
-0.88 0.563571 0.632691 0.572305
-0.87 0.569184 0.638274 0.578672
-0.86 0.574845 0.643794 0.585079
-0.85 0.580552 0.649249 0.591524
-0.84 0.586304 0.654641 0.598003
-0.83 0.592101 0.659969 0.604516
-0.82 0.597943 0.665234 0.611058
-0.81 0.603828 0.670434 0.617627
-0.8 0.609756 0.675571 0.624222
-0.79 0.615726 0.680644 0.630838
-0.78 0.621736 0.685653 0.637473
-0.77 0.627786 0.690598 0.644125
-0.76 0.633874 0.69548 0.650792
-0.75 0.64 0.700297 0.65747
-0.74 0.646162 0.705051 0.664157
-0.73 0.652358 0.709741 0.67085
-0.72 0.658588 0.714367 0.677547
-0.71 0.664849 0.71893 0.684245
-0.7 0.671141 0.723428 0.690942
-0.69 0.677461 0.727863 0.697634
-0.68 0.683807 0.732234 0.70432
-0.67 0.690179 0.736541 0.710996
-0.66 0.696573 0.740785 0.717661
-0.65 0.702988 0.744964 0.724311
-0.64 0.709421 0.74908 0.730943
-0.63 0.715871 0.753132 0.737556
-0.62 0.722335 0.75712 0.744146
-0.61 0.72881 0.761044 0.750712
-0.6 0.735294 0.764905 0.757249
-0.59 0.741785 0.768701 0.763757
-0.58 0.748279 0.772434 0.770231
-0.57 0.754774 0.776103 0.77667
-0.56 0.761267 0.779708 0.783071
-0.55 0.767754 0.78325 0.789431
-0.54 0.774234 0.786728 0.795748
-0.53 0.780701 0.790141 0.802018
-0.52 0.787154 0.793491 0.808241
-0.51 0.793588 0.796778 0.814412
-0.5 0.8 0.8 0.820529
-0.49 0.806387 0.803159 0.82659
-0.48 0.812744 0.806253 0.832591
-0.47 0.819068 0.809284 0.838531
-0.46 0.825355 0.812251 0.844407
-0.45 0.831601 0.815155 0.850216
-0.44 0.837802 0.817994 0.855956
-0.43 0.843953 0.82077 0.861623
-0.42 0.850051 0.823482 0.867216
-0.41 0.856091 0.82613 0.872731
-0.4 0.862069 0.828714 0.878166
-0.39 0.86798 0.831235 0.883519
-0.38 0.87382 0.833692 0.888786
-0.37 0.879585 0.836084 0.893966
-0.36 0.885269 0.838413 0.899056
-0.35 0.890869 0.840679 0.904052
-0.34 0.896379 0.84288 0.908953
-0.33 0.901795 0.845018 0.913755
-0.32 0.907112 0.847092 0.918457
-0.31 0.912326 0.849102 0.923055
-0.3 0.917431 0.851048 0.927547
-0.29 0.922424 0.85293 0.93193
-0.28 0.9273 0.854749 0.936202
-0.27 0.932053 0.856504 0.94036
-0.26 0.93668 0.858195 0.944401
-0.25 0.941176 0.859822 0.948323
-0.24 0.945537 0.861385 0.952124
-0.23 0.949758 0.862885 0.9558
-0.22 0.953834 0.86432 0.959349
-0.21 0.957763 0.865692 0.962768
-0.2 0.961538 0.867 0.966055
-0.19 0.965158 0.868245 0.969208
-0.18 0.968617 0.869425 0.972222
-0.17 0.971912 0.870542 0.975097
-0.16 0.975039 0.871595 0.977829
-0.15 0.977995 0.872584 0.980416
-0.14 0.980777 0.873509 0.982855
-0.13 0.983381 0.87437 0.985143
-0.12 0.985804 0.875168 0.987278
-0.11 0.988045 0.875902 0.989257
-0.1 0.990099 0.876572 0.991078
-0.09 0.991965 0.877178 0.992738
-0.08 0.993641 0.87772 0.994234
-0.07 0.995124 0.878199 0.995564
-0.06 0.996413 0.878614 0.996725
-0.05 0.997506 0.878965 0.997715
-0.04 0.998403 0.879252 0.998531
-0.03 0.999101 0.879475 0.99917
-0.02 0.9996 0.879635 0.999629
-0.01 0.9999 0.87973 0.999907
0 1 0.879762 1
0.01 0.9999 0.87973 0.999907
0.02 0.9996 0.879635 0.999629
0.03 0.999101 0.879475 0.99917
0.04 0.998403 0.879252 0.998531
0.05 0.997506 0.878965 0.997715
0.06 0.996413 0.878614 0.996725
0.07 0.995124 0.878199 0.995564
0.08 0.993641 0.87772 0.994234
0.09 0.991965 0.877178 0.992738
0.1 0.990099 0.876572 0.991078
0.11 0.988045 0.875902 0.989257
0.12 0.985804 0.875168 0.987278
0.13 0.983381 0.87437 0.985143
0.14 0.980777 0.873509 0.982855
0.15 0.977995 0.872584 0.980416
0.16 0.975039 0.871595 0.977829
0.17 0.971912 0.870542 0.975097
0.18 0.968617 0.869425 0.972222
0.19 0.965158 0.868245 0.969208
0.2 0.961538 0.867 0.966055
0.21 0.957763 0.865692 0.962768
0.22 0.953834 0.86432 0.959349
0.23 0.949758 0.862885 0.9558
0.24 0.945537 0.861385 0.952124
0.25 0.941176 0.859822 0.948323
0.26 0.93668 0.858195 0.944401
0.27 0.932053 0.856504 0.94036
0.28 0.9273 0.854749 0.936202
0.29 0.922424 0.85293 0.93193
0.3 0.917431 0.851048 0.927547
0.31 0.912326 0.849102 0.923055
0.32 0.907112 0.847092 0.918457
0.33 0.901795 0.845018 0.913755
0.34 0.896379 0.84288 0.908953
0.35 0.890869 0.840679 0.904052
0.36 0.885269 0.838413 0.899056
0.37 0.879585 0.836084 0.893966
0.38 0.87382 0.833692 0.888786
0.39 0.86798 0.831235 0.883519
0.4 0.862069 0.828714 0.878166
0.41 0.856091 0.82613 0.872731
0.42 0.850051 0.823482 0.867216
0.43 0.843953 0.82077 0.861623
0.44 0.837802 0.817994 0.855956
0.45 0.831601 0.815155 0.850216
0.46 0.825355 0.812251 0.844407
0.47 0.819068 0.809284 0.838531
0.48 0.812744 0.806253 0.832591
0.49 0.806387 0.803159 0.82659
0.5 0.8 0.8 0.820529
0.51 0.793588 0.796778 0.814412
0.52 0.787154 0.793491 0.808241
0.53 0.780701 0.790141 0.802018
0.54 0.774234 0.786728 0.795748
0.55 0.767754 0.78325 0.789431
0.56 0.761267 0.779708 0.783071
0.57 0.754774 0.776103 0.77667
0.58 0.748279 0.772434 0.770231
0.59 0.741785 0.768701 0.763757
0.6 0.735294 0.764905 0.757249
0.61 0.72881 0.761044 0.750712
0.62 0.722335 0.75712 0.744146
0.63 0.715871 0.753132 0.737556
0.64 0.709421 0.74908 0.730943
0.65 0.702988 0.744964 0.724311
0.66 0.696573 0.740785 0.717661
0.67 0.690179 0.736541 0.710996
0.68 0.683807 0.732234 0.70432
0.69 0.677461 0.727863 0.697634
0.7 0.671141 0.723428 0.690942
0.71 0.664849 0.71893 0.684245
0.72 0.658588 0.714367 0.677547
0.73 0.652358 0.709741 0.67085
0.74 0.646162 0.705051 0.664157
0.75 0.64 0.700297 0.65747
0.76 0.633874 0.69548 0.650792
0.77 0.627786 0.690598 0.644125
0.78 0.621736 0.685653 0.637473
0.79 0.615726 0.680644 0.630838
0.8 0.609756 0.675571 0.624222
0.81 0.603828 0.670434 0.617627
0.82 0.597943 0.665234 0.611058
0.83 0.592101 0.659969 0.604516
0.84 0.586304 0.654641 0.598003
0.85 0.580552 0.649249 0.591524
0.86 0.574845 0.643794 0.585079
0.87 0.569184 0.638274 0.578672
0.88 0.563571 0.632691 0.572305
0.89 0.558005 0.627044 0.565981
0.9 0.552486 0.621333 0.559703
0.91 0.547016 0.615558 0.553473
0.92 0.541594 0.609719 0.547293
0.93 0.536222 0.603817 0.541167
0.94 0.530898 0.597851 0.535097
0.95 0.525624 0.591821 0.529086
0.96 0.5204 0.585727 0.523136
0.97 0.515225 0.579569 0.51725
0.98 0.5101 0.573348 0.51143
0.99 0.505025 0.567062 0.505679
1 0.5 0.560713 0.5
1.01 0.495025 0.554359 0.494395
1.02 0.4901 0.548057 0.488863
1.03 0.485225 0.541808 0.483405
1.04 0.4804 0.535612 0.478018
1.05 0.475624 0.529469 0.472704
1.06 0.470898 0.523378 0.46746
1.07 0.466222 0.517341 0.462288
1.08 0.461595 0.511356 0.457184
1.09 0.457018 0.505424 0.45215
1.1 0.452489 0.499545 0.447185
1.11 0.448009 0.493718 0.442287
1.12 0.443577 0.487945 0.437457
1.13 0.439194 0.482224 0.432693
1.14 0.434858 0.476556 0.427995
1.15 0.430571 0.470941 0.423363
1.16 0.42633 0.465379 0.418795
1.17 0.422137 0.45987 0.414291
1.18 0.41799 0.454413 0.40985
1.19 0.41389 0.449009 0.405473
1.2 0.409836 0.443658 0.401157
1.21 0.405828 0.43836 0.396903
1.22 0.401865 0.433115 0.392709
1.23 0.397947 0.427922 0.388576
1.24 0.394073 0.422783 0.384502
1.25 0.390244 0.417696 0.380487
1.26 0.386458 0.412662 0.37653
1.27 0.382717 0.407681 0.372631
1.28 0.379018 0.402752 0.368788
1.29 0.375361 0.397877 0.365002
1.3 0.371747 0.393054 0.361272
1.31 0.368175 0.388284 0.357596
1.32 0.364644 0.383567 0.353975
1.33 0.361154 0.378903 0.350408
1.34 0.357705 0.374291 0.346894
1.35 0.354296 0.369733 0.343432
1.36 0.350926 0.365227 0.340022
1.37 0.347596 0.360774 0.336663
1.38 0.344305 0.356374 0.333354
1.39 0.341052 0.352027 0.330095
1.4 0.337838 0.347732 0.326886
1.41 0.334661 0.34349 0.323725
1.42 0.331521 0.339302 0.320612
1.43 0.328418 0.335166 0.317546
1.44 0.325351 0.331082 0.314527
1.45 0.322321 0.327052 0.311554
1.46 0.319326 0.323074 0.308626
1.47 0.316366 0.31915 0.305743
1.48 0.31344 0.315278 0.302904
1.49 0.310549 0.311459 0.300108
1.5 0.307692 0.307692 0.297356
1.51 0.304869 0.303979 0.294645
1.52 0.302078 0.300318 0.291975
1.53 0.299321 0.29671 0.289347
1.54 0.296595 0.293155 0.286759
1.55 0.293902 0.289653 0.28421
1.56 0.29124 0.286204 0.2817
1.57 0.288609 0.282807 0.279228
1.58 0.286008 0.279464 0.276794
1.59 0.283439 0.276173 0.274397
1.6 0.280899 0.272935 0.272037
1.61 0.278389 0.26975 0.269712
1.62 0.275908 0.266617 0.267422
1.63 0.273456 0.263538 0.265166
1.64 0.271032 0.260511 0.262944
1.65 0.268637 0.257537 0.260755
1.66 0.266269 0.254616 0.258599
1.67 0.263929 0.251747 0.256475
1.68 0.261616 0.248932 0.254381
1.69 0.259329 0.246169 0.252318
1.7 0.257069 0.243459 0.250286
1.71 0.254836 0.240802 0.248282
1.72 0.252627 0.238198 0.246307
1.73 0.250445 0.235647 0.24436
1.74 0.248287 0.233148 0.24244
1.75 0.246154 0.230703 0.240547
1.76 0.244045 0.22831 0.23868
1.77 0.241961 0.22597 0.236838
1.78 0.2399 0.223682 0.235021
1.79 0.237863 0.221448 0.233228
1.8 0.235849 0.219266 0.231458
1.81 0.233858 0.217138 0.229712
1.82 0.231889 0.215062 0.227987
1.83 0.229943 0.213039 0.226284
1.84 0.228019 0.211068 0.224602
1.85 0.226116 0.209151 0.22294
1.86 0.224235 0.207286 0.221298
1.87 0.222375 0.205474 0.219674
1.88 0.220536 0.203715 0.218069
1.89 0.218718 0.202009 0.216482
1.9 0.21692 0.200356 0.214911
1.91 0.215142 0.198755 0.213357
1.92 0.213383 0.197207 0.211819
1.93 0.211645 0.195712 0.210295
1.94 0.209925 0.19427 0.208786
1.95 0.208225 0.192881 0.207291
1.96 0.206543 0.191545 0.205809
1.97 0.20488 0.190261 0.20434
1.98 0.203236 0.18903 0.202882
1.99 0.201609 0.187852 0.201436
2 0.2 0.186727 0.2
2.01 0.198409 0.185631 0.198574
2.02 0.196835 0.184539 0.197158
2.03 0.195278 0.183453 0.195752
2.04 0.193738 0.182371 0.194356
2.05 0.192215 0.181295 0.192969
2.06 0.190709 0.180223 0.191593
2.07 0.189218 0.179156 0.190226
2.08 0.187744 0.178094 0.188868
2.09 0.186286 0.177037 0.18752
2.1 0.184843 0.175985 0.186182
2.11 0.183416 0.174938 0.184853
2.12 0.182003 0.173896 0.183534
2.13 0.180606 0.172858 0.182224
2.14 0.179224 0.171826 0.180924
2.15 0.177857 0.170798 0.179633
2.16 0.176504 0.169776 0.178351
2.17 0.175165 0.168758 0.177079
2.18 0.17384 0.167745 0.175816
2.19 0.17253 0.166738 0.174562
2.2 0.171233 0.165735 0.173317
2.21 0.16995 0.164737 0.172082
2.22 0.16868 0.163743 0.170855
2.23 0.167423 0.162755 0.169638
2.24 0.166179 0.161772 0.168429
2.25 0.164948 0.160794 0.16723
2.26 0.16373 0.15982 0.166039
2.27 0.162525 0.158852 0.164858
2.28 0.161332 0.157888 0.163685
2.29 0.160151 0.156929 0.162521
2.3 0.158983 0.155975 0.161366
2.31 0.157826 0.155027 0.16022
2.32 0.156681 0.154083 0.159082
2.33 0.155548 0.153143 0.157953
2.34 0.154426 0.152209 0.156833
2.35 0.153315 0.15128 0.155721
2.36 0.152216 0.150356 0.154618
2.37 0.151128 0.149436 0.153523
2.38 0.150051 0.148522 0.152437
2.39 0.148985 0.147612 0.151359
2.4 0.147929 0.146708 0.15029
2.41 0.146884 0.145808 0.149229
2.42 0.145849 0.144913 0.148176
2.43 0.144825 0.144023 0.147132
2.44 0.14381 0.143138 0.146095
2.45 0.142806 0.142258 0.145067
2.46 0.141812 0.141383 0.144047
2.47 0.140827 0.140512 0.143036
2.48 0.139852 0.139647 0.142032
2.49 0.138887 0.138787 0.141036
2.5 0.137931 0.137931 0.140049
2.51 0.136984 0.13708 0.139069
2.52 0.136047 0.136235 0.138097
2.53 0.135119 0.135394 0.137134
2.54 0.134199 0.134558 0.136177
2.55 0.133289 0.133727 0.135229
2.56 0.132387 0.132901 0.134289
2.57 0.131494 0.13208 0.133356
2.58 0.13061 0.131264 0.132431
2.59 0.129734 0.130452 0.131514
2.6 0.128866 0.129646 0.130604
2.61 0.128007 0.128844 0.129702
2.62 0.127155 0.128048 0.128807
2.63 0.126312 0.127256 0.12792
2.64 0.125477 0.126469 0.12704
2.65 0.124649 0.125687 0.126168
2.66 0.12383 0.124911 0.125303
2.67 0.123018 0.124139 0.124445
2.68 0.122214 0.123371 0.123595
2.69 0.121417 0.122609 0.122752
2.7 0.120627 0.121852 0.121916
2.71 0.119845 0.1211 0.121087
2.72 0.11907 0.120352 0.120266
2.73 0.118303 0.11961 0.119451
2.74 0.117542 0.118872 0.118644
2.75 0.116788 0.118139 0.117843
2.76 0.116042 0.117412 0.11705
2.77 0.115302 0.116689 0.116263
2.78 0.114569 0.115971 0.115484
2.79 0.113842 0.115258 0.114711
2.8 0.113122 0.114549 0.113945
2.81 0.112409 0.113846 0.113186
2.82 0.111702 0.113148 0.112434
2.83 0.111001 0.112455 0.111688
2.84 0.110307 0.111766 0.110949
2.85 0.109619 0.111082 0.110217
2.86 0.108937 0.110404 0.109491
2.87 0.108261 0.10973 0.108772
2.88 0.107592 0.109061 0.108059
2.89 0.106928 0.108397 0.107353
2.9 0.10627 0.107738 0.106653
2.91 0.105618 0.107084 0.10596
2.92 0.104971 0.106435 0.105273
2.93 0.104331 0.105791 0.104592
2.94 0.103696 0.105151 0.103917
2.95 0.103066 0.104517 0.103249
2.96 0.102442 0.103887 0.102587
2.97 0.101824 0.103263 0.101931
2.98 0.10121 0.102643 0.101281
2.99 0.100603 0.102028 0.100638
3 0.1 0.101418 0.1
3.01 0.0994026 0.100813 0.0993683
3.02 0.0988103 0.100211 0.0987426
3.03 0.0982231 0.099612 0.0981228
3.04 0.097641 0.099017 0.0975088
3.05 0.0970638 0.0984255 0.0969007
3.06 0.0964916 0.0978376 0.0962983
3.07 0.0959242 0.0972532 0.0957017
3.08 0.0953616 0.0966723 0.0951107
3.09 0.0948038 0.0960949 0.0945254
3.1 0.0942507 0.0955212 0.0939456
3.11 0.0937023 0.0949509 0.0933714
3.12 0.0931584 0.0943842 0.0928026
3.13 0.0926192 0.093821 0.0922393
3.14 0.0920844 0.0932614 0.0916814
3.15 0.0915541 0.0927053 0.0911289
3.16 0.0910283 0.0921527 0.0905817
3.17 0.0905067 0.0916037 0.0900397
3.18 0.0899896 0.0910582 0.0895029
3.19 0.0894767 0.0905163 0.0889713
3.2 0.088968 0.0899779 0.0884448
3.21 0.0884635 0.089443 0.0879234
3.22 0.0879631 0.0889117 0.087407
3.23 0.0874669 0.0883839 0.0868956
3.24 0.0869747 0.0878597 0.0863892
3.25 0.0864865 0.087339 0.0858876
3.26 0.0860023 0.0868218 0.0853909
3.27 0.085522 0.0863082 0.0848989
3.28 0.0850456 0.0857981 0.0844118
3.29 0.084573 0.0852915 0.0839293
3.3 0.0841043 0.0847885 0.0834515
3.31 0.0836393 0.0842891 0.0829783
3.32 0.0831781 0.0837931 0.0825096
3.33 0.0827205 0.0833007 0.0820455
3.34 0.0822666 0.0828119 0.0815858
3.35 0.0818163 0.0823266 0.0811306
3.36 0.0813696 0.0818448 0.0806798
3.37 0.0809264 0.0813666 0.0802333
3.38 0.0804868 0.0808919 0.0797911
3.39 0.0800506 0.0804208 0.0793531
3.4 0.0796178 0.0799531 0.0789193
3.41 0.0791885 0.0794891 0.0784897
3.42 0.0787625 0.0790285 0.0780642
3.43 0.0783398 0.0785715 0.0776427
3.44 0.0779205 0.0781181 0.0772252
3.45 0.0775044 0.0776682 0.0768117
3.46 0.0770915 0.0772218 0.0764022
3.47 0.0766818 0.076779 0.0759965
3.48 0.0762753 0.0763397 0.0755946
3.49 0.075872 0.0759039 0.0751965
3.5 0.0754717 0.0754717 0.0748021
3.51 0.0750745 0.075043 0.0744115
3.52 0.0746804 0.0746179 0.0740244
3.53 0.0742892 0.0741963 0.073641
3.54 0.0739011 0.0737782 0.0732611
3.55 0.0735159 0.0733637 0.0728847
3.56 0.0731336 0.0729527 0.0725118
3.57 0.0727543 0.0725453 0.0721423
3.58 0.0723778 0.0721414 0.0717761
3.59 0.0720041 0.071741 0.0714133
3.6 0.0716332 0.0713442 0.0710537
3.61 0.0712652 0.0709509 0.0706974
3.62 0.0708999 0.0705612 0.0703442
3.63 0.0705373 0.070175 0.0699942
3.64 0.0701774 0.0697923 0.0696473
3.65 0.0698202 0.0694132 0.0693034
3.66 0.0694657 0.0690376 0.0689625
3.67 0.0691138 0.0686656 0.0686245
3.68 0.0687644 0.068297 0.0682895
3.69 0.0684177 0.0679321 0.0679573
3.7 0.0680735 0.0675707 0.0676279
3.71 0.0677319 0.0672128 0.0673013
3.72 0.0673927 0.0668584 0.0669773
3.73 0.067056 0.0665076 0.0666561
3.74 0.0667218 0.0661603 0.0663375
3.75 0.06639 0.0658166 0.0660215
3.76 0.0660607 0.0654764 0.065708
3.77 0.0657337 0.0651398 0.065397
3.78 0.0654091 0.0648067 0.0650884
3.79 0.0650868 0.0644771 0.0647822
3.8 0.0647668 0.0641511 0.0644784
3.81 0.0644492 0.0638286 0.0641768
3.82 0.0641338 0.0635096 0.0638776
3.83 0.0638207 0.0631942 0.0635805
3.84 0.0635098 0.0628823 0.0632856
3.85 0.0632011 0.062574 0.0629928
3.86 0.0628947 0.0622692 0.0627021
3.87 0.0625904 0.0619679 0.0624134
3.88 0.0622882 0.0616702 0.0621267
3.89 0.0619882 0.061376 0.0618419
3.9 0.0616903 0.0610854 0.061559
3.91 0.0613945 0.0607983 0.0612779
3.92 0.0611008 0.0605147 0.0609987
3.93 0.0608091 0.0602347 0.0607211
3.94 0.0605195 0.0599582 0.0604453
3.95 0.0602319 0.0596853 0.0601712
3.96 0.0599463 0.0594159 0.0598986
3.97 0.0596627 0.05915 0.0596276
3.98 0.059381 0.0588877 0.0593581
3.99 0.0591013 0.0586289 0.0590901
4 0.0588235 0.0583737 0.0588235
4.01 0.0585477 0.0581208 0.0585583
4.02 0.0582737 0.0578689 0.0582945
4.03 0.0580016 0.0576182 0.058032
4.04 0.0577314 0.0573685 0.0577709
4.05 0.057463 0.0571199 0.0575112
4.06 0.0571965 0.0568724 0.0572528
4.07 0.0569317 0.056626 0.0569958
4.08 0.0566688 0.0563807 0.0567401
4.09 0.0564076 0.0561365 0.0564858
4.1 0.0561482 0.0558933 0.0562328
4.11 0.0558906 0.0556513 0.0559812
4.12 0.0556347 0.0554103 0.0557308
4.13 0.0553805 0.0551704 0.0554819
4.14 0.055128 0.0549316 0.0552342
4.15 0.0548772 0.0546939 0.0549879
4.16 0.0546281 0.0544573 0.0547428
4.17 0.0543806 0.0542217 0.0544991
4.18 0.0541348 0.0539873 0.0542567
4.19 0.0538906 0.0537539 0.0540156
4.2 0.0536481 0.0535216 0.0537759
4.21 0.0534071 0.0532904 0.0535374
4.22 0.0531677 0.0530603 0.0533002
4.23 0.0529299 0.0528313 0.0530643
4.24 0.0526937 0.0526034 0.0528296
4.25 0.052459 0.0523766 0.0525963
4.26 0.0522259 0.0521508 0.0523642
4.27 0.0519942 0.0519261 0.0521334
4.28 0.0517641 0.0517026 0.0519039
4.29 0.0515355 0.0514801 0.0516757
4.3 0.0513084 0.0512587 0.0514487
4.31 0.0510827 0.0510383 0.051223
4.32 0.0508585 0.0508191 0.0509985
4.33 0.0506357 0.050601 0.0507753
4.34 0.0504144 0.0503839 0.0505533
4.35 0.0501945 0.0501679 0.0503326
4.36 0.049976 0.0499531 0.0501131
4.37 0.0497589 0.0497393 0.0498948
4.38 0.0495432 0.0495265 0.0496778
4.39 0.0493289 0.0493149 0.049462
4.4 0.0491159 0.0491044 0.0492474
4.41 0.0489043 0.0488949 0.049034
4.42 0.048694 0.0486866 0.0488219
4.43 0.0484851 0.0484793 0.048611
4.44 0.0482775 0.0482731 0.0484012
4.45 0.0480711 0.048068 0.0481927
4.46 0.0478661 0.047864 0.0479854
4.47 0.0476624 0.0476611 0.0477793
4.48 0.0474599 0.0474592 0.0475743
4.49 0.0472588 0.0472585 0.0473706
4.5 0.0470588 0.0470588 0.047168
4.51 0.0468601 0.0468602 0.0469666
4.52 0.0466627 0.0466628 0.0467664
4.53 0.0464665 0.0464664 0.0465674
4.54 0.0462714 0.046271 0.0463695
4.55 0.0460776 0.0460768 0.0461728
4.56 0.045885 0.0458837 0.0459773
4.57 0.0456936 0.0456916 0.0457829
4.58 0.0455034 0.0455006 0.0455896
4.59 0.0453143 0.0453108 0.0453975
4.6 0.0451264 0.045122 0.0452066
4.61 0.0449396 0.0449343 0.0450168
4.62 0.0447539 0.0447476 0.0448281
4.63 0.0445694 0.0445621 0.0446406
4.64 0.0443861 0.0443777 0.0444542
4.65 0.0442038 0.0441943 0.0442689
4.66 0.0440226 0.044012 0.0440847
4.67 0.0438425 0.0438308 0.0439017
4.68 0.0436635 0.0436507 0.0437197
4.69 0.0434856 0.0434717 0.0435389
4.7 0.0433088 0.0432938 0.0433592
4.71 0.043133 0.043117 0.0431806
4.72 0.0429583 0.0429412 0.043003
4.73 0.0427846 0.0427665 0.0428266
4.74 0.0426119 0.042593 0.0426512
4.75 0.0424403 0.0424205 0.042477
4.76 0.0422697 0.0422491 0.0423038
4.77 0.0421001 0.0420788 0.0421317
4.78 0.0419315 0.0419095 0.0419607
4.79 0.0417639 0.0417414 0.0417907
4.8 0.0415973 0.0415743 0.0416218
4.81 0.0414317 0.0414084 0.041454
4.82 0.0412671 0.0412435 0.0412872
4.83 0.0411034 0.0410797 0.0411215
4.84 0.0409407 0.040917 0.0409568
4.85 0.0407789 0.0407554 0.0407932
4.86 0.040618 0.0405948 0.0406306
4.87 0.0404581 0.0404354 0.0404691
4.88 0.0402992 0.040277 0.0403085
4.89 0.0401411 0.0401198 0.0401491
4.9 0.039984 0.0399636 0.0399906
4.91 0.0398278 0.0398085 0.0398332
4.92 0.0396725 0.0396545 0.0396767
4.93 0.039518 0.0395016 0.0395213
4.94 0.0393645 0.0393497 0.0393669
4.95 0.0392118 0.039199 0.0392135
4.96 0.0390601 0.0390493 0.0390612
4.97 0.0389091 0.0389007 0.0389098
4.98 0.0387591 0.0387533 0.0387594
4.99 0.0386099 0.0386069 0.03861
5 0.0384615 0.0384615 0.0384615
