5.29091e-17 1.1547
0.000453512 1.15983
0.000917776 1.16496
0.00140354 1.17008
0.00192156 1.1752
0.00248259 1.1803
0.00309738 1.18539
0.00377667 1.19046
0.00453122 1.19552
0.00537179 1.20055
0.00630912 1.20557
0.00735397 1.21055
0.00851708 1.2155
0.00980921 1.22043
0.0112411 1.22532
0.012821 1.23017
0.0145184 1.23498
0.0163018 1.23977
0.0181765 1.24452
0.0201395 1.24923
0.0221873 1.25391
0.024318 1.25855
0.0265293 1.26315
0.0288187 1.26771
0.0311838 1.27224
0.0336223 1.27673
0.0361321 1.28117
0.0387107 1.28558
0.0413563 1.28995
0.0440665 1.29427
0.0468394 1.29856
0.049673 1.30281
0.0525654 1.30702
0.0555148 1.31118
0.0585192 1.31531
0.0615771 1.3194
0.0646866 1.32345
0.0678463 1.32746
0.0710545 1.33144
0.0743097 1.33537
0.0776105 1.33927
0.0809554 1.34312
0.0843432 1.34694
0.0877725 1.35073
0.0912422 1.35447
0.0947508 1.35818
0.0982975 1.36186
0.101881 1.36549
0.1055 1.3691
0.109154 1.37266
0.112842 1.37619
0.116562 1.37969
0.120315 1.38315
0.124098 1.38658
0.127911 1.38998
0.131754 1.39334
0.135625 1.39667
0.139524 1.39997
0.14345 1.40323
0.147403 1.40647
0.151381 1.40967
0.155384 1.41284
0.159411 1.41598
0.163463 1.41908
0.167537 1.42216
0.171634 1.42521
0.175753 1.42823
0.179894 1.43121
0.184055 1.43417
0.188237 1.4371
0.19244 1.44
0.196661 1.44288
0.200902 1.44572
0.205162 1.44854
0.209439 1.45132
0.213735 1.45409
0.218048 1.45682
0.222379 1.45952
0.226726 1.4622
0.231089 1.46486
0.235469 1.46748
0.239864 1.47008
0.244274 1.47265
0.2487 1.4752
0.25314 1.47772
0.257595 1.48022
0.262064 1.48269
0.266547 1.48513
0.271043 1.48755
0.275553 1.48995
0.280075 1.49232
0.284611 1.49466
0.289159 1.49699
0.29372 1.49928
0.298292 1.50156
0.302877 1.5038
0.307473 1.50603
0.31208 1.50823
0.316699 1.51041
0.321329 1.51256
0.325969 1.51469
0.330621 1.5168
0.335282 1.51888
0.339954 1.52094
0.344636 1.52298
0.349328 1.525
0.354029 1.52699
0.35874 1.52896
0.36346 1.53091
0.36819 1.53283
0.372928 1.53474
0.377676 1.53662
0.382432 1.53848
0.387197 1.54031
0.39197 1.54213
0.396751 1.54392
0.401541 1.54569
0.406338 1.54744
0.411143 1.54917
0.415956 1.55087
0.420777 1.55256
0.425605 1.55422
0.43044 1.55586
0.435283 1.55748
0.440132 1.55908
0.444989 1.56066
0.449852 1.56222
0.454723 1.56375
0.459599 1.56527
0.464482 1.56676
0.469372 1.56823
0.474268 1.56968
0.479169 1.57111
0.484077 1.57252
0.488991 1.57391
0.493911 1.57528
0.498836 1.57663
0.503767 1.57796
0.508703 1.57927
0.513645 1.58055
0.518592 1.58182
0.523545 1.58306
0.528502 1.58429
0.533464 1.58549
0.538432 1.58668
0.543404 1.58784
0.548381 1.58898
0.553362 1.59011
0.558348 1.59121
0.563339 1.59229
0.568333 1.59335
0.573333 1.5944
0.578336 1.59542
0.583343 1.59642
0.588355 1.5974
0.59337 1.59836
0.598389 1.59931
0.603412 1.60023
0.608438 1.60113
0.613468 1.60201
0.618502 1.60287
0.623539 1.60371
0.628579 1.60453
0.633623 1.60533
0.638669 1.60611
0.643719 1.60687
0.648772 1.60761
0.653827 1.60833
0.658886 1.60903
0.663947 1.60971
0.669011 1.61037
0.674077 1.61101
0.679146 1.61163
0.684218 1.61223
0.689291 1.61281
0.694367 1.61337
0.699446 1.61391
0.704526 1.61443
0.709608 1.61493
0.714692 1.61541
0.719779 1.61587
0.724866 1.61631
0.729956 1.61673
0.735047 1.61713
0.74014 1.61751
0.745234 1.61787
0.75033 1.6182
0.755427 1.61852
0.760525 1.61882
0.765625 1.6191
0.770725 1.61936
0.775826 1.61959
0.780929 1.61981
0.786032 1.62
0.791136 1.62018
0.796241 1.62034
0.801346 1.62047
0.806452 1.62059
0.811558 1.62068
0.816664 1.62075
0.821771 1.62081
0.826878 1.62084
0.831985 1.62085
0.837092 1.62084
0.842199 1.62081
0.847306 1.62076
0.852413 1.62069
0.857519 1.6206
0.862625 1.62049
0.86773 1.62036
0.872835 1.6202
0.877939 1.62003
0.883043 1.61983
0.888146 1.61962
0.893247 1.61938
0.898348 1.61912
0.903448 1.61884
0.908546 1.61854
0.913643 1.61822
0.918739 1.61788
0.923834 1.61751
0.928927 1.61713
0.934018 1.61672
0.939107 1.61629
0.944195 1.61584
0.94928 1.61537
0.954364 1.61488
0.959446 1.61437
0.964525 1.61383
0.969602 1.61327
0.974676 1.61269
0.979749 1.61209
0.984818 1.61147
0.989885 1.61083
0.994949 1.61016
1.00001 1.60947
1.00507 1.60876
1.01012 1.60803
1.01518 1.60728
1.02022 1.6065
1.02527 1.60571
1.03031 1.60489
1.03535 1.60404
1.04038 1.60318
1.04541 1.60229
1.05044 1.60138
1.05546 1.60045
1.06048 1.5995
1.06549 1.59852
1.0705 1.59752
1.07551 1.5965
1.08051 1.59545
1.0855 1.59438
1.09049 1.59329
1.09548 1.59218
1.10046 1.59104
1.10543 1.58988
1.1104 1.5887
1.11536 1.58749
1.12032 1.58626
1.12527 1.58501
1.13022 1.58373
1.13516 1.58243
1.14009 1.58111
1.14502 1.57976
1.14994 1.57839
1.15486 1.577
1.15977 1.57558
1.16467 1.57414
1.16956 1.57267
1.17445 1.57118
1.17933 1.56967
1.1842 1.56813
1.18906 1.56657
1.19392 1.56499
1.19877 1.56338
1.20361 1.56174
1.20844 1.56008
1.21326 1.5584
1.21808 1.55669
1.22288 1.55496
1.22768 1.55321
1.23247 1.55143
1.23725 1.54962
1.24202 1.54779
1.24678 1.54593
1.25153 1.54405
1.25627 1.54215
1.261 1.54022
1.26572 1.53826
1.27043 1.53628
1.27513 1.53428
1.27982 1.53224
1.2845 1.53019
1.28916 1.52811
1.29382 1.526
1.29846 1.52387
1.30309 1.52171
1.30771 1.51953
1.31232 1.51732
1.31691 1.51508
1.32149 1.51282
1.32606 1.51053
1.33062 1.50822
1.33516 1.50588
1.33969 1.50352
1.34421 1.50113
1.34871 1.49871
1.3532 1.49627
1.35767 1.4938
1.36213 1.49131
1.36658 1.48879
1.37101 1.48624
1.37543 1.48366
1.37983 1.48107
1.38421 1.47844
1.38858 1.47579
1.39293 1.47311
1.39727 1.4704
1.40159 1.46767
1.40589 1.46492
1.41017 1.46213
1.41444 1.45932
1.41869 1.45648
1.42292 1.45362
1.42714 1.45073
1.43134 1.44781
1.43551 1.44487
1.43967 1.4419
1.44381 1.4389
1.44793 1.43588
1.45204 1.43283
1.45612 1.42975
1.46018 1.42665
1.46422 1.42352
1.46824 1.42036
1.47224 1.41718
1.47622 1.41397
1.48018 1.41074
1.48412 1.40747
1.48803 1.40419
1.49192 1.40087
1.49579 1.39753
1.49964 1.39417
1.50346 1.39077
1.50726 1.38735
1.51104 1.38391
1.51479 1.38044
1.51852 1.37694
1.52222 1.37342
1.5259 1.36987
1.52955 1.36629
1.53318 1.36269
1.53679 1.35907
1.54036 1.35542
1.54392 1.35174
1.54744 1.34803
1.55094 1.34431
1.55441 1.34055
1.55785 1.33677
1.56127 1.33297
1.56466 1.32914
1.56802 1.32529
1.57136 1.32141
1.57466 1.31751
1.57794 1.31358
1.58118 1.30963
1.5844 1.30566
1.58759 1.30166
1.59075 1.29764
1.59387 1.29359
1.59697 1.28953
1.60004 1.28544
1.60307 1.28132
1.60608 1.27718
1.60905 1.27302
1.61199 1.26884
1.6149 1.26464
1.61778 1.26041
1.62063 1.25616
1.62344 1.25189
1.62622 1.2476
1.62896 1.24328
1.63168 1.23895
1.63436 1.23459
1.637 1.23022
1.63961 1.22582
1.64219 1.2214
1.64473 1.21697
1.64724 1.21251
1.64972 1.20804
1.65216 1.20354
1.65456 1.19903
1.65693 1.1945
1.65927 1.18995
1.66157 1.18538
1.66383 1.18079
1.66606 1.17619
1.66825 1.17157
1.67041 1.16693
1.67253 1.16228
1.67461 1.15761
1.67666 1.15292
1.67867 1.14822
1.68064 1.1435
1.68258 1.13877
1.68448 1.13402
1.68634 1.12925
1.68816 1.12448
1.68995 1.11969
1.6917 1.11488
1.69341 1.11006
1.69509 1.10523
1.69673 1.10038
1.69833 1.09553
1.69989 1.09066
1.70142 1.08578
1.7029 1.08088
1.70435 1.07598
1.70577 1.07106
1.70714 1.06614
1.70848 1.0612
1.70978 1.05625
1.71105 1.0513
1.71227 1.04633
1.71346 1.04136
1.71461 1.03637
1.71573 1.03138
1.7168 1.02638
1.71784 1.02138
1.71884 1.01636
1.71981 1.01134
1.72073 1.00631
1.72162 1.00127
1.72247 0.996232
1.72328 0.991184
1.72406 0.98613
1.7248 0.98107
1.7255 0.976005
1.72617 0.970935
1.7268 0.965861
1.72739 0.960782
1.72795 0.955699
1.72847 0.950612
1.72896 0.945521
1.72941 0.940427
1.72982 0.93533
1.7302 0.93023
1.73054 0.925128
1.73085 0.920023
1.73112 0.914916
1.73136 0.909808
1.73156 0.904698
1.73173 0.899587
1.73186 0.894475
1.73196 0.889362
1.73202 0.884249
1.73205 0.879136
1.73204 0.874023
1.732 0.868911
1.73193 0.863799
1.73183 0.858688
1.73169 0.853577
1.73151 0.848468
1.73131 0.84336
1.73107 0.838254
1.7308 0.833149
1.73049 0.828046
1.73016 0.822945
1.72979 0.817846
1.72939 0.81275
1.72896 0.807656
1.7285 0.802564
1.728 0.797476
1.72748 0.79239
1.72692 0.787308
1.72634 0.782229
1.72572 0.777154
1.72507 0.772083
1.7244 0.767015
1.72369 0.761951
1.72295 0.756892
1.72219 0.751837
1.72139 0.746787
1.72057 0.741742
1.71972 0.736702
1.71884 0.731666
1.71793 0.726636
1.71699 0.721612
1.71602 0.716593
1.71503 0.711579
1.71401 0.706572
1.71296 0.70157
1.71189 0.696573
1.71078 0.691583
1.70966 0.686599
1.7085 0.681621
1.70732 0.676649
1.70611 0.671683
1.70487 0.666724
1.70361 0.661771
1.70233 0.656824
1.70102 0.651885
1.69968 0.646952
1.69832 0.642025
1.69693 0.637106
1.69552 0.632194
1.69409 0.627288
1.69263 0.62239
1.69115 0.617499
1.68964 0.612615
1.68811 0.607739
1.68656 0.60287
1.68498 0.598009
1.68338 0.593155
1.68176 0.588309
1.68011 0.583471
1.67844 0.578641
1.67675 0.573818
1.67504 0.569004
1.67331 0.564198
1.67155 0.559399
1.66977 0.554609
1.66797 0.549827
1.66615 0.545053
1.66431 0.540287
1.66245 0.535529
1.66057 0.530779
1.65867 0.526038
1.65674 0.521304
1.6548 0.516579
1.65283 0.511863
1.65085 0.507154
1.64885 0.502454
1.64682 0.497763
1.64478 0.493079
1.64272 0.488404
1.64064 0.483738
1.63854 0.47908
1.63642 0.474431
1.63428 0.46979
1.63212 0.465158
1.62995 0.460534
1.62776 0.455919
1.62555 0.451312
1.62332 0.446715
1.62107 0.442126
1.61881 0.437545
1.61653 0.432974
1.61423 0.428411
1.61191 0.423857
1.60958 0.419312
1.60723 0.414775
1.60487 0.410248
1.60249 0.405729
1.60009 0.401218
1.59767 0.396717
1.59524 0.392224
1.59279 0.38774
1.59033 0.383265
1.58785 0.378798
1.58536 0.37434
1.58285 0.369891
1.58032 0.365451
1.57778 0.361019
1.57523 0.356596
1.57266 0.352182
1.57007 0.347777
1.56747 0.34338
1.56485 0.338992
1.56222 0.334612
1.55958 0.330242
1.55692 0.32588
1.55425 0.321526
1.55156 0.317182
1.54886 0.312846
1.54615 0.308519
1.54342 0.3042
1.54068 0.29989
1.53792 0.295589
1.53515 0.291297
1.53237 0.287013
1.52957 0.282738
1.52677 0.278471
1.52394 0.274214
1.52111 0.269964
1.51826 0.265724
1.5154 0.261492
1.51253 0.257268
1.50965 0.253053
1.50675 0.248846
1.50384 0.244648
1.50092 0.240459
1.49799 0.236278
1.49504 0.232105
1.49208 0.227941
1.48912 0.223785
1.48613 0.219638
1.48314 0.215499
1.48014 0.211369
1.47712 0.207246
1.47409 0.203133
1.47106 0.199027
1.46801 0.19493
1.46495 0.190841
1.46187 0.18676
1.45879 0.182688
1.4557 0.178624
1.45259 0.174568
1.44948 0.17052
1.44635 0.166481
1.44322 0.162449
1.44007 0.158426
1.43691 0.154411
1.43375 0.150404
1.43057 0.146406
1.42738 0.142415
1.42419 0.138432
1.42098 0.134458
1.41776 0.130491
1.41454 0.126533
1.4113 0.122582
1.40805 0.118639
1.4048 0.114705
1.40153 0.110778
1.39826 0.106859
1.39498 0.102948
1.39168 0.0990447
1.38838 0.0951493
1.38507 0.0912617
1.38175 0.0873819
1.37842 0.0835098
1.37508 0.0796455
1.37173 0.0757889
1.36837 0.0719399
1.36501 0.0680987
1.36163 0.0642651
1.35825 0.0604391
1.35486 0.0566207
1.35146 0.0528099
1.34805 0.0490067
1.34464 0.045211
1.34121 0.0414229
1.33778 0.0376422
1.33434 0.033869
1.33089 0.0301033
1.32743 0.026345
1.32396 0.0225941
1.32049 0.0188505
1.31701 0.0151144
1.31352 0.0113856
1.31002 0.00766404
1.30652 0.00394981
1.30301 0.000242844
1.29949 -0.00345688
1.29596 -0.00714939
1.29242 -0.0108347
1.28888 -0.0145129
1.28533 -0.0181839
1.28178 -0.0218478
1.27821 -0.0255045
1.27464 -0.0291543
1.27106 -0.0327969
1.26747 -0.0364326
1.26388 -0.0400612
1.26028 -0.0436829
1.25667 -0.0472976
1.25306 -0.0509053
1.24944 -0.0545062
1.24581 -0.0581002
1.24218 -0.0616873
1.23854 -0.0652676
1.23489 -0.0688411
1.23123 -0.0724077
1.22757 -0.0759677
1.22391 -0.0795208
1.22023 -0.0830673
1.21655 -0.0866071
1.21286 -0.0901402
1.20917 -0.0936667
1.20547 -0.0971865
1.20177 -0.1007
1.19805 -0.104206
1.19434 -0.107707
1.19061 -0.1112
1.18688 -0.114687
1.18315 -0.118168
1.1794 -0.121642
1.17566 -0.12511
1.1719 -0.128571
1.16814 -0.132027
1.16438 -0.135475
1.1606 -0.138918
1.15683 -0.142354
1.15304 -0.145784
1.14926 -0.149207
1.14546 -0.152625
1.14166 -0.156036
1.13786 -0.159441
1.13405 -0.16284
1.13023 -0.166233
1.12641 -0.169619
1.12258 -0.173
1.11875 -0.176374
1.11491 -0.179743
1.11107 -0.183106
1.10722 -0.186462
1.10337 -0.189813
1.09951 -0.193158
1.09565 -0.196497
1.09178 -0.19983
1.08791 -0.203157
1.08403 -0.206478
1.08014 -0.209794
1.07626 -0.213104
1.07236 -0.216408
1.06846 -0.219706
1.06456 -0.222999
1.06066 -0.226286
1.05674 -0.229568
1.05283 -0.232844
1.04891 -0.236114
1.04498 -0.239379
1.04105 -0.242638
1.03711 -0.245892
1.03317 -0.249141
1.02923 -0.252384
1.02528 -0.255621
1.02133 -0.258853
1.01737 -0.26208
1.01341 -0.265302
1.00944 -0.268518
1.00547 -0.271729
1.0015 -0.274935
0.997521 -0.278135
0.993539 -0.281331
0.989552 -0.284521
0.985561 -0.287706
0.981567 -0.290886
0.977568 -0.294061
0.973565 -0.297231
0.969558 -0.300396
0.965547 -0.303556
0.961533 -0.306711
0.957514 -0.309861
0.953492 -0.313006
0.949466 -0.316146
0.945436 -0.319282
0.941403 -0.322412
0.937365 -0.325538
0.933325 -0.32866
0.92928 -0.331776
0.925232 -0.334888
0.92118 -0.337995
0.917125 -0.341098
0.913066 -0.344196
0.909004 -0.347289
0.904939 -0.350378
0.90087 -0.353463
0.896797 -0.356543
0.892722 -0.359618
0.888643 -0.362689
0.88456 -0.365756
0.880475 -0.368819
0.876386 -0.371877
0.872294 -0.374931
0.868199 -0.37798
0.864101 -0.381026
0.86 -0.384067
0.855895 -0.387104
0.851788 -0.390138
0.847678 -0.393167
0.843565 -0.396192
0.839448 -0.399213
0.835329 -0.40223
0.831207 -0.405243
0.827082 -0.408252
0.822955 -0.411258
0.818825 -0.414259
0.814691 -0.417257
0.810556 -0.420251
0.806417 -0.423242
0.802276 -0.426229
0.798132 -0.429212
0.793986 -0.432191
0.789837 -0.435167
0.785686 -0.43814
0.781532 -0.441109
0.777376 -0.444074
0.773217 -0.447037
0.769056 -0.449995
0.764892 -0.452951
0.760726 -0.455903
0.756558 -0.458852
0.752388 -0.461798
0.748216 -0.46474
0.744041 -0.46768
0.739864 -0.470616
0.735685 -0.47355
0.731504 -0.47648
0.727321 -0.479408
0.723135 -0.482332
0.718948 -0.485254
0.714759 -0.488173
0.710568 -0.491089
0.706375 -0.494003
0.70218 -0.496914
0.697984 -0.499822
0.693785 -0.502728
0.689585 -0.505631
0.685383 -0.508531
0.68118 -0.511429
0.676975 -0.514325
0.672768 -0.517219
0.66856 -0.52011
0.66435 -0.522999
0.660138 -0.525885
0.655925 -0.52877
0.651711 -0.531652
0.647496 -0.534533
0.643279 -0.537412
0.63906 -0.540288
0.634841 -0.543163
0.63062 -0.546036
0.626398 -0.548907
0.622175 -0.551777
0.617951 -0.554645
0.613726 -0.557511
0.609499 -0.560376
0.605272 -0.563239
0.601044 -0.566101
0.596815 -0.568962
0.592585 -0.571821
0.588354 -0.574679
0.584122 -0.577536
0.57989 -0.580392
0.575657 -0.583247
0.571423 -0.586101
0.567189 -0.588954
0.562954 -0.591806
0.558719 -0.594657
0.554483 -0.597508
0.550247 -0.600358
0.54601 -0.603208
0.541774 -0.606057
0.537536 -0.608906
0.533299 -0.611755
0.529062 -0.614603
0.524824 -0.617451
0.520586 -0.620299
0.516349 -0.623147
0.512111 -0.625995
0.507874 -0.628843
0.503636 -0.631692
0.499399 -0.634541
0.495163 -0.63739
0.490926 -0.64024
0.48669 -0.64309
0.482455 -0.645941
0.47822 -0.648793
0.473985 -0.651646
0.469751 -0.6545
0.465518 -0.657354
0.461286 -0.66021
0.457054 -0.663067
0.452824 -0.665926
0.448594 -0.668786
0.444366 -0.671647
0.440138 -0.67451
0.435912 -0.677375
0.431687 -0.680242
0.427464 -0.683111
0.423241 -0.685982
0.419021 -0.688855
0.414802 -0.691731
0.410585 -0.694609
0.406369 -0.69749
0.402155 -0.700373
0.397944 -0.703259
0.393734 -0.706148
0.389526 -0.709041
0.385321 -0.711936
0.381118 -0.714835
0.376917 -0.717737
0.372719 -0.720643
0.368524 -0.723553
0.364331 -0.726467
0.360141 -0.729385
0.355955 -0.732307
0.351771 -0.735234
0.34759 -0.738165
0.343413 -0.741101
0.339239 -0.744041
0.335068 -0.746987
0.330902 -0.749938
0.326739 -0.752895
0.32258 -0.755857
0.318426 -0.758824
0.314275 -0.761798
0.310129 -0.764778
0.305988 -0.767764
0.301851 -0.770757
0.297719 -0.773757
0.293592 -0.776763
0.289471 -0.779777
0.285355 -0.782798
0.281244 -0.785826
0.277139 -0.788863
0.273041 -0.791908
0.268948 -0.79496
0.264862 -0.798022
0.260782 -0.801092
0.256709 -0.804171
0.252643 -0.80726
0.248585 -0.810358
0.244534 -0.813466
0.24049 -0.816584
0.236455 -0.819712
0.232428 -0.822851
0.22841 -0.826001
0.224401 -0.829162
0.2204 -0.832335
0.216409 -0.83552
0.212428 -0.838717
0.208457 -0.841926
0.204496 -0.845149
0.200547 -0.848385
0.196608 -0.851634
0.192681 -0.854897
0.188766 -0.858174
0.184863 -0.861467
0.180973 -0.864774
0.177096 -0.868097
0.173233 -0.871435
0.169384 -0.87479
0.16555 -0.878162
0.161731 -0.881551
0.157927 -0.884957
0.15414 -0.888381
0.150369 -0.891824
0.146616 -0.895286
0.142881 -0.898768
0.139164 -0.902269
0.135467 -0.905791
0.13179 -0.909333
0.128134 -0.912898
0.1245 -0.916484
0.120887 -0.920092
0.117298 -0.923724
0.113733 -0.927379
0.110193 -0.931059
0.106679 -0.934763
0.103192 -0.938493
0.0997324 -0.942248
0.0963021 -0.94603
0.0929019 -0.94984
0.0895329 -0.953676
0.0861964 -0.957542
0.0828937 -0.961436
0.0796261 -0.965359
0.0763949 -0.969313
0.0732016 -0.973297
0.0700477 -0.977312
0.0669348 -0.98136
0.0638644 -0.985439
0.0608383 -0.989552
0.0578581 -0.993698
0.0549259 -0.997878
0.0520433 -1.00209
0.0492124 -1.00634
0.0464353 -1.01063
0.043714 -1.01495
0.0410506 -1.0193
0.0384475 -1.0237
0.035907 -1.02812
0.0334314 -1.03259
0.0310232 -1.03709
0.0286848 -1.04163
0.0264188 -1.04621
0.0242278 -1.05082
0.0221144 -1.05547
0.0200814 -1.06015
0.0181309 -1.06487
0.0162666 -1.06962
0.0144916 -1.07441
0.0128009 -1.07923
0.0112271 -1.08408
0.00980044 -1.08897
0.00851256 -1.0939
0.00735285 -1.09885
0.00631061 -1.10384
0.00537518 -1.10885
0.00453586 -1.11388
0.00378198 -1.11894
0.00310286 -1.12401
0.00248782 -1.1291
0.00192617 -1.13421
0.00140725 -1.13932
0.000920368 -1.14444
0.000454844 -1.14957
1.36424e-12 -1.1547
2.87964e-16 -1.1547
-0.000454844 -1.14957
-0.000920368 -1.14444
-0.00140725 -1.13932
-0.00192617 -1.13421
-0.00248782 -1.1291
-0.00310286 -1.12401
-0.00378198 -1.11894
-0.00453586 -1.11388
-0.00537518 -1.10885
-0.00631062 -1.10384
-0.00735285 -1.09885
-0.00851256 -1.0939
-0.00980044 -1.08897
-0.0112271 -1.08408
-0.0128009 -1.07923
-0.0144916 -1.07441
-0.0162666 -1.06962
-0.0181309 -1.06487
-0.0200814 -1.06015
-0.0221144 -1.05547
-0.0242278 -1.05082
-0.0264188 -1.04621
-0.0286848 -1.04163
-0.0310232 -1.03709
-0.0334314 -1.03259
-0.035907 -1.02812
-0.0384475 -1.0237
-0.0410506 -1.0193
-0.043714 -1.01495
-0.0464353 -1.01063
-0.0492124 -1.00634
-0.0520433 -1.00209
-0.0549259 -0.997878
-0.0578581 -0.993698
-0.0608383 -0.989552
-0.0638644 -0.985439
-0.0669348 -0.98136
-0.0700477 -0.977312
-0.0732016 -0.973297
-0.0763949 -0.969313
-0.0796261 -0.965359
-0.0828937 -0.961436
-0.0861964 -0.957542
-0.0895329 -0.953676
-0.0929019 -0.94984
-0.0963021 -0.94603
-0.0997324 -0.942248
-0.103192 -0.938493
-0.106679 -0.934763
-0.110193 -0.931059
-0.113733 -0.927379
-0.117298 -0.923724
-0.120887 -0.920092
-0.1245 -0.916484
-0.128134 -0.912898
-0.13179 -0.909333
-0.135467 -0.905791
-0.139164 -0.902269
-0.142881 -0.898768
-0.146616 -0.895286
-0.150369 -0.891824
-0.15414 -0.888381
-0.157927 -0.884957
-0.161731 -0.881551
-0.16555 -0.878162
-0.169384 -0.87479
-0.173233 -0.871435
-0.177096 -0.868097
-0.180973 -0.864774
-0.184863 -0.861467
-0.188766 -0.858174
-0.192681 -0.854897
-0.196608 -0.851634
-0.200547 -0.848385
-0.204496 -0.845149
-0.208457 -0.841926
-0.212428 -0.838717
-0.216409 -0.83552
-0.2204 -0.832335
-0.224401 -0.829162
-0.22841 -0.826001
-0.232428 -0.822851
-0.236455 -0.819712
-0.24049 -0.816584
-0.244534 -0.813466
-0.248585 -0.810358
-0.252643 -0.80726
-0.256709 -0.804171
-0.260782 -0.801092
-0.264862 -0.798022
-0.268948 -0.79496
-0.273041 -0.791908
-0.277139 -0.788863
-0.281244 -0.785826
-0.285355 -0.782798
-0.289471 -0.779777
-0.293592 -0.776763
-0.297719 -0.773757
-0.301851 -0.770757
-0.305988 -0.767764
-0.310129 -0.764778
-0.314275 -0.761798
-0.318426 -0.758824
-0.32258 -0.755857
-0.326739 -0.752895
-0.330902 -0.749938
-0.335068 -0.746987
-0.339239 -0.744041
-0.343413 -0.741101
-0.34759 -0.738165
-0.351771 -0.735234
-0.355955 -0.732307
-0.360141 -0.729385
-0.364331 -0.726467
-0.368524 -0.723553
-0.372719 -0.720643
-0.376917 -0.717737
-0.381118 -0.714835
-0.385321 -0.711936
-0.389526 -0.709041
-0.393734 -0.706148
-0.397944 -0.703259
-0.402155 -0.700373
-0.406369 -0.69749
-0.410585 -0.694609
-0.414802 -0.691731
-0.419021 -0.688855
-0.423241 -0.685982
-0.427464 -0.683111
-0.431687 -0.680242
-0.435912 -0.677375
-0.440138 -0.67451
-0.444366 -0.671647
-0.448594 -0.668786
-0.452824 -0.665926
-0.457054 -0.663067
-0.461286 -0.66021
-0.465518 -0.657354
-0.469751 -0.6545
-0.473985 -0.651646
-0.47822 -0.648793
-0.482455 -0.645941
-0.48669 -0.64309
-0.490926 -0.64024
-0.495163 -0.63739
-0.499399 -0.634541
-0.503636 -0.631692
-0.507874 -0.628843
-0.512111 -0.625995
-0.516349 -0.623147
-0.520586 -0.620299
-0.524824 -0.617451
-0.529062 -0.614603
-0.533299 -0.611755
-0.537536 -0.608906
-0.541774 -0.606057
-0.54601 -0.603208
-0.550247 -0.600358
-0.554483 -0.597508
-0.558719 -0.594657
-0.562954 -0.591806
-0.567189 -0.588954
-0.571423 -0.586101
-0.575657 -0.583247
-0.57989 -0.580392
-0.584122 -0.577536
-0.588354 -0.574679
-0.592585 -0.571821
-0.596815 -0.568962
-0.601044 -0.566101
-0.605272 -0.563239
-0.609499 -0.560376
-0.613726 -0.557511
-0.617951 -0.554645
-0.622175 -0.551777
-0.626398 -0.548907
-0.63062 -0.546036
-0.634841 -0.543163
-0.63906 -0.540288
-0.643279 -0.537412
-0.647496 -0.534533
-0.651711 -0.531652
-0.655925 -0.52877
-0.660138 -0.525885
-0.66435 -0.522999
-0.66856 -0.52011
-0.672768 -0.517219
-0.676975 -0.514325
-0.68118 -0.511429
-0.685383 -0.508531
-0.689585 -0.505631
-0.693785 -0.502728
-0.697984 -0.499822
-0.70218 -0.496914
-0.706375 -0.494003
-0.710568 -0.491089
-0.714759 -0.488173
-0.718948 -0.485254
-0.723135 -0.482332
-0.727321 -0.479408
-0.731504 -0.47648
-0.735685 -0.47355
-0.739864 -0.470616
-0.744041 -0.46768
-0.748216 -0.46474
-0.752388 -0.461798
-0.756558 -0.458852
-0.760726 -0.455903
-0.764892 -0.452951
-0.769056 -0.449995
-0.773217 -0.447037
-0.777376 -0.444074
-0.781532 -0.441109
-0.785686 -0.43814
-0.789837 -0.435167
-0.793986 -0.432191
-0.798132 -0.429212
-0.802276 -0.426229
-0.806417 -0.423242
-0.810556 -0.420251
-0.814691 -0.417257
-0.818825 -0.414259
-0.822955 -0.411258
-0.827082 -0.408252
-0.831207 -0.405243
-0.835329 -0.40223
-0.839448 -0.399213
-0.843565 -0.396192
-0.847678 -0.393167
-0.851788 -0.390138
-0.855895 -0.387104
-0.86 -0.384067
-0.864101 -0.381026
-0.868199 -0.37798
-0.872294 -0.374931
-0.876386 -0.371877
-0.880475 -0.368819
-0.88456 -0.365756
-0.888643 -0.362689
-0.892722 -0.359618
-0.896797 -0.356543
-0.90087 -0.353463
-0.904939 -0.350378
-0.909004 -0.347289
-0.913066 -0.344196
-0.917125 -0.341098
-0.92118 -0.337995
-0.925232 -0.334888
-0.92928 -0.331776
-0.933325 -0.32866
-0.937365 -0.325538
-0.941403 -0.322412
-0.945436 -0.319282
-0.949466 -0.316146
-0.953492 -0.313006
-0.957514 -0.309861
-0.961533 -0.306711
-0.965547 -0.303556
-0.969558 -0.300396
-0.973565 -0.297231
-0.977568 -0.294061
-0.981567 -0.290886
-0.985561 -0.287706
-0.989552 -0.284521
-0.993539 -0.281331
-0.997521 -0.278135
-1.0015 -0.274935
-1.00547 -0.271729
-1.00944 -0.268518
-1.01341 -0.265302
-1.01737 -0.26208
-1.02133 -0.258853
-1.02528 -0.255621
-1.02923 -0.252384
-1.03317 -0.249141
-1.03711 -0.245892
-1.04105 -0.242638
-1.04498 -0.239379
-1.04891 -0.236114
-1.05283 -0.232844
-1.05674 -0.229568
-1.06066 -0.226286
-1.06456 -0.222999
-1.06846 -0.219706
-1.07236 -0.216408
-1.07626 -0.213104
-1.08014 -0.209794
-1.08403 -0.206478
-1.08791 -0.203157
-1.09178 -0.19983
-1.09565 -0.196497
-1.09951 -0.193158
-1.10337 -0.189813
-1.10722 -0.186462
-1.11107 -0.183106
-1.11491 -0.179743
-1.11875 -0.176374
-1.12258 -0.173
-1.12641 -0.169619
-1.13023 -0.166233
-1.13405 -0.16284
-1.13786 -0.159441
-1.14166 -0.156036
-1.14546 -0.152625
-1.14926 -0.149207
-1.15304 -0.145784
-1.15683 -0.142354
-1.1606 -0.138918
-1.16438 -0.135475
-1.16814 -0.132027
-1.1719 -0.128572
-1.17566 -0.12511
-1.1794 -0.121642
-1.18315 -0.118168
-1.18688 -0.114687
-1.19061 -0.1112
-1.19434 -0.107707
-1.19805 -0.104206
-1.20177 -0.1007
-1.20547 -0.0971865
-1.20917 -0.0936667
-1.21286 -0.0901402
-1.21655 -0.0866071
-1.22023 -0.0830673
-1.22391 -0.0795209
-1.22757 -0.0759677
-1.23123 -0.0724077
-1.23489 -0.0688411
-1.23854 -0.0652676
-1.24218 -0.0616873
-1.24581 -0.0581002
-1.24944 -0.0545062
-1.25306 -0.0509053
-1.25667 -0.0472976
-1.26028 -0.0436829
-1.26388 -0.0400612
-1.26747 -0.0364326
-1.27106 -0.0327969
-1.27464 -0.0291543
-1.27821 -0.0255045
-1.28178 -0.0218478
-1.28533 -0.0181839
-1.28888 -0.0145129
-1.29242 -0.0108347
-1.29596 -0.0071494
-1.29949 -0.00345689
-1.30301 0.00024284
-1.30652 0.00394981
-1.31002 0.00766404
-1.31352 0.0113856
-1.31701 0.0151144
-1.32049 0.0188505
-1.32396 0.0225941
-1.32743 0.026345
-1.33089 0.0301033
-1.33434 0.033869
-1.33778 0.0376422
-1.34121 0.0414229
-1.34464 0.045211
-1.34805 0.0490067
-1.35146 0.0528099
-1.35486 0.0566207
-1.35825 0.0604391
-1.36163 0.0642651
-1.36501 0.0680987
-1.36837 0.0719399
-1.37173 0.0757889
-1.37508 0.0796455
-1.37842 0.0835098
-1.38175 0.0873819
-1.38507 0.0912617
-1.38838 0.0951493
-1.39168 0.0990447
-1.39498 0.102948
-1.39826 0.106859
-1.40153 0.110778
-1.4048 0.114705
-1.40805 0.118639
-1.4113 0.122582
-1.41454 0.126533
-1.41776 0.130491
-1.42098 0.134458
-1.42419 0.138432
-1.42738 0.142415
-1.43057 0.146406
-1.43375 0.150404
-1.43691 0.154411
-1.44007 0.158426
-1.44322 0.162449
-1.44635 0.166481
-1.44948 0.17052
-1.45259 0.174568
-1.4557 0.178624
-1.45879 0.182688
-1.46187 0.18676
-1.46495 0.190841
-1.46801 0.19493
-1.47106 0.199027
-1.47409 0.203133
-1.47712 0.207246
-1.48014 0.211369
-1.48314 0.215499
-1.48613 0.219638
-1.48912 0.223785
-1.49208 0.227941
-1.49504 0.232105
-1.49799 0.236278
-1.50092 0.240459
-1.50384 0.244648
-1.50675 0.248846
-1.50965 0.253053
-1.51253 0.257268
-1.5154 0.261492
-1.51826 0.265724
-1.52111 0.269964
-1.52394 0.274214
-1.52677 0.278471
-1.52957 0.282738
-1.53237 0.287013
-1.53515 0.291297
-1.53792 0.295589
-1.54068 0.29989
-1.54342 0.3042
-1.54615 0.308519
-1.54886 0.312846
-1.55156 0.317182
-1.55425 0.321526
-1.55692 0.32588
-1.55958 0.330242
-1.56222 0.334612
-1.56485 0.338992
-1.56747 0.34338
-1.57007 0.347777
-1.57266 0.352182
-1.57523 0.356596
-1.57778 0.361019
-1.58032 0.365451
-1.58285 0.369891
-1.58536 0.37434
-1.58785 0.378798
-1.59033 0.383265
-1.59279 0.38774
-1.59524 0.392224
-1.59767 0.396717
-1.60009 0.401218
-1.60249 0.405729
-1.60487 0.410248
-1.60723 0.414775
-1.60958 0.419312
-1.61191 0.423857
-1.61423 0.428411
-1.61653 0.432974
-1.61881 0.437545
-1.62107 0.442126
-1.62332 0.446715
-1.62555 0.451312
-1.62776 0.455919
-1.62995 0.460534
-1.63212 0.465158
-1.63428 0.46979
-1.63642 0.474431
-1.63854 0.47908
-1.64064 0.483738
-1.64272 0.488404
-1.64478 0.493079
-1.64682 0.497763
-1.64885 0.502454
-1.65085 0.507154
-1.65283 0.511863
-1.6548 0.516579
-1.65674 0.521304
-1.65867 0.526038
-1.66057 0.530779
-1.66245 0.535529
-1.66431 0.540287
-1.66615 0.545053
-1.66797 0.549827
-1.66977 0.554609
-1.67155 0.559399
-1.67331 0.564198
-1.67504 0.569004
-1.67675 0.573818
-1.67844 0.578641
-1.68011 0.583471
-1.68176 0.588309
-1.68338 0.593155
-1.68498 0.598009
-1.68656 0.60287
-1.68811 0.607739
-1.68964 0.612615
-1.69115 0.617499
-1.69263 0.62239
-1.69409 0.627288
-1.69552 0.632194
-1.69693 0.637106
-1.69832 0.642025
-1.69968 0.646952
-1.70102 0.651885
-1.70233 0.656824
-1.70361 0.661771
-1.70487 0.666724
-1.70611 0.671683
-1.70732 0.676649
-1.7085 0.681621
-1.70966 0.686599
-1.71078 0.691583
-1.71189 0.696573
-1.71296 0.70157
-1.71401 0.706572
-1.71503 0.711579
-1.71602 0.716593
-1.71699 0.721612
-1.71793 0.726636
-1.71884 0.731666
-1.71972 0.736702
-1.72057 0.741742
-1.72139 0.746787
-1.72219 0.751837
-1.72295 0.756892
-1.72369 0.761951
-1.7244 0.767015
-1.72507 0.772083
-1.72572 0.777154
-1.72634 0.782229
-1.72692 0.787308
-1.72748 0.79239
-1.728 0.797476
-1.7285 0.802564
-1.72896 0.807656
-1.72939 0.81275
-1.72979 0.817846
-1.73016 0.822945
-1.73049 0.828046
-1.7308 0.833149
-1.73107 0.838254
-1.73131 0.84336
-1.73151 0.848468
-1.73169 0.853577
-1.73183 0.858688
-1.73193 0.863799
-1.732 0.868911
-1.73204 0.874023
-1.73205 0.879136
-1.73202 0.884249
-1.73196 0.889362
-1.73186 0.894475
-1.73173 0.899587
-1.73156 0.904698
-1.73136 0.909808
-1.73112 0.914916
-1.73085 0.920023
-1.73054 0.925128
-1.7302 0.93023
-1.72982 0.93533
-1.72941 0.940427
-1.72896 0.945521
-1.72847 0.950612
-1.72795 0.955699
-1.72739 0.960782
-1.7268 0.965861
-1.72617 0.970935
-1.7255 0.976005
-1.7248 0.98107
-1.72406 0.98613
-1.72328 0.991184
-1.72247 0.996232
-1.72162 1.00127
-1.72073 1.00631
-1.71981 1.01134
-1.71884 1.01636
-1.71784 1.02138
-1.7168 1.02638
-1.71573 1.03138
-1.71461 1.03637
-1.71346 1.04136
-1.71227 1.04633
-1.71105 1.0513
-1.70978 1.05625
-1.70848 1.0612
-1.70714 1.06614
-1.70577 1.07106
-1.70435 1.07598
-1.7029 1.08088
-1.70142 1.08578
-1.69989 1.09066
-1.69833 1.09553
-1.69673 1.10038
-1.69509 1.10523
-1.69341 1.11006
-1.6917 1.11488
-1.68995 1.11969
-1.68816 1.12448
-1.68634 1.12925
-1.68448 1.13402
-1.68258 1.13877
-1.68064 1.1435
-1.67867 1.14822
-1.67666 1.15292
-1.67461 1.15761
-1.67253 1.16228
-1.67041 1.16693
-1.66825 1.17157
-1.66606 1.17619
-1.66383 1.18079
-1.66157 1.18538
-1.65927 1.18995
-1.65693 1.1945
-1.65456 1.19903
-1.65216 1.20354
-1.64972 1.20804
-1.64724 1.21251
-1.64473 1.21697
-1.64219 1.2214
-1.63961 1.22582
-1.637 1.23022
-1.63436 1.23459
-1.63168 1.23895
-1.62896 1.24328
-1.62622 1.2476
-1.62344 1.25189
-1.62063 1.25616
-1.61778 1.26041
-1.6149 1.26464
-1.61199 1.26884
-1.60905 1.27302
-1.60608 1.27718
-1.60307 1.28132
-1.60004 1.28544
-1.59697 1.28953
-1.59387 1.29359
-1.59075 1.29764
-1.58759 1.30166
-1.5844 1.30566
-1.58118 1.30963
-1.57794 1.31358
-1.57466 1.31751
-1.57136 1.32141
-1.56802 1.32529
-1.56466 1.32914
-1.56127 1.33297
-1.55785 1.33677
-1.55441 1.34055
-1.55094 1.34431
-1.54744 1.34803
-1.54392 1.35174
-1.54036 1.35542
-1.53679 1.35907
-1.53318 1.36269
-1.52955 1.36629
-1.5259 1.36987
-1.52222 1.37342
-1.51852 1.37694
-1.51479 1.38044
-1.51104 1.38391
-1.50726 1.38735
-1.50346 1.39077
-1.49964 1.39417
-1.49579 1.39753
-1.49192 1.40087
-1.48803 1.40419
-1.48412 1.40747
-1.48018 1.41074
-1.47622 1.41397
-1.47224 1.41718
-1.46824 1.42036
-1.46422 1.42352
-1.46018 1.42665
-1.45612 1.42975
-1.45204 1.43283
-1.44793 1.43588
-1.44381 1.4389
-1.43967 1.4419
-1.43551 1.44487
-1.43134 1.44781
-1.42714 1.45073
-1.42292 1.45362
-1.41869 1.45648
-1.41444 1.45932
-1.41017 1.46213
-1.40589 1.46492
-1.40159 1.46767
-1.39727 1.4704
-1.39293 1.47311
-1.38858 1.47579
-1.38421 1.47844
-1.37983 1.48107
-1.37543 1.48366
-1.37101 1.48624
-1.36658 1.48879
-1.36213 1.49131
-1.35767 1.4938
-1.3532 1.49627
-1.34871 1.49871
-1.34421 1.50113
-1.33969 1.50352
-1.33516 1.50588
-1.33062 1.50822
-1.32606 1.51053
-1.32149 1.51282
-1.31691 1.51508
-1.31232 1.51732
-1.30771 1.51953
-1.30309 1.52171
-1.29846 1.52387
-1.29382 1.526
-1.28916 1.52811
-1.2845 1.53019
-1.27982 1.53224
-1.27513 1.53428
-1.27043 1.53628
-1.26572 1.53826
-1.261 1.54022
-1.25627 1.54215
-1.25153 1.54405
-1.24678 1.54593
-1.24202 1.54779
-1.23725 1.54962
-1.23247 1.55143
-1.22768 1.55321
-1.22288 1.55496
-1.21808 1.55669
-1.21326 1.5584
-1.20844 1.56008
-1.20361 1.56174
-1.19877 1.56338
-1.19392 1.56499
-1.18906 1.56657
-1.1842 1.56813
-1.17933 1.56967
-1.17445 1.57118
-1.16956 1.57267
-1.16467 1.57414
-1.15977 1.57558
-1.15486 1.577
-1.14994 1.57839
-1.14502 1.57976
-1.14009 1.58111
-1.13516 1.58243
-1.13022 1.58373
-1.12527 1.58501
-1.12032 1.58626
-1.11536 1.58749
-1.1104 1.5887
-1.10543 1.58988
-1.10046 1.59104
-1.09548 1.59218
-1.09049 1.59329
-1.0855 1.59438
-1.08051 1.59545
-1.07551 1.5965
-1.0705 1.59752
-1.06549 1.59852
-1.06048 1.5995
-1.05546 1.60045
-1.05044 1.60138
-1.04541 1.60229
-1.04038 1.60318
-1.03535 1.60404
-1.03031 1.60489
-1.02527 1.60571
-1.02022 1.6065
-1.01518 1.60728
-1.01012 1.60803
-1.00507 1.60876
-1.00001 1.60947
-0.994949 1.61016
-0.989885 1.61083
-0.984818 1.61147
-0.979749 1.61209
-0.974676 1.61269
-0.969602 1.61327
-0.964525 1.61383
-0.959446 1.61437
-0.954364 1.61488
-0.94928 1.61537
-0.944195 1.61584
-0.939107 1.61629
-0.934018 1.61672
-0.928927 1.61713
-0.923834 1.61751
-0.918739 1.61788
-0.913643 1.61822
-0.908546 1.61854
-0.903448 1.61884
-0.898348 1.61912
-0.893247 1.61938
-0.888146 1.61962
-0.883043 1.61983
-0.877939 1.62003
-0.872835 1.6202
-0.86773 1.62036
-0.862625 1.62049
-0.857519 1.6206
-0.852413 1.62069
-0.847306 1.62076
-0.842199 1.62081
-0.837092 1.62084
-0.831985 1.62085
-0.826878 1.62084
-0.821771 1.62081
-0.816664 1.62075
-0.811558 1.62068
-0.806452 1.62059
-0.801346 1.62047
-0.796241 1.62034
-0.791136 1.62018
-0.786032 1.62
-0.780929 1.61981
-0.775826 1.61959
-0.770725 1.61936
-0.765625 1.6191
-0.760525 1.61882
-0.755427 1.61852
-0.75033 1.6182
-0.745234 1.61787
-0.74014 1.61751
-0.735047 1.61713
-0.729956 1.61673
-0.724866 1.61631
-0.719779 1.61587
-0.714692 1.61541
-0.709608 1.61493
-0.704526 1.61443
-0.699446 1.61391
-0.694367 1.61337
-0.689291 1.61281
-0.684218 1.61223
-0.679146 1.61163
-0.674077 1.61101
-0.669011 1.61037
-0.663947 1.60971
-0.658886 1.60903
-0.653827 1.60833
-0.648772 1.60761
-0.643719 1.60687
-0.638669 1.60611
-0.633623 1.60533
-0.628579 1.60453
-0.623539 1.60371
-0.618502 1.60287
-0.613468 1.60201
-0.608438 1.60113
-0.603412 1.60023
-0.598389 1.59931
-0.59337 1.59836
-0.588355 1.5974
-0.583343 1.59642
-0.578336 1.59542
-0.573333 1.5944
-0.568333 1.59335
-0.563339 1.59229
-0.558348 1.59121
-0.553362 1.59011
-0.548381 1.58898
-0.543404 1.58784
-0.538432 1.58668
-0.533464 1.58549
-0.528502 1.58429
-0.523545 1.58306
-0.518592 1.58182
-0.513645 1.58055
-0.508703 1.57927
-0.503767 1.57796
-0.498836 1.57663
-0.493911 1.57528
-0.488991 1.57391
-0.484077 1.57252
-0.479169 1.57111
-0.474268 1.56968
-0.469372 1.56823
-0.464482 1.56676
-0.459599 1.56527
-0.454723 1.56375
-0.449852 1.56222
-0.444989 1.56066
-0.440132 1.55908
-0.435283 1.55748
-0.43044 1.55586
-0.425605 1.55422
-0.420777 1.55256
-0.415956 1.55087
-0.411143 1.54917
-0.406338 1.54744
-0.401541 1.54569
-0.396751 1.54392
-0.39197 1.54213
-0.387197 1.54031
-0.382432 1.53848
-0.377676 1.53662
-0.372928 1.53474
-0.36819 1.53283
-0.36346 1.53091
-0.35874 1.52896
-0.354029 1.52699
-0.349328 1.525
-0.344636 1.52298
-0.339954 1.52094
-0.335282 1.51888
-0.330621 1.5168
-0.325969 1.51469
-0.321329 1.51256
-0.316699 1.51041
-0.31208 1.50823
-0.307473 1.50603
-0.302877 1.5038
-0.298292 1.50156
-0.29372 1.49928
-0.289159 1.49699
-0.284611 1.49466
-0.280075 1.49232
-0.275553 1.48995
-0.271043 1.48755
-0.266547 1.48513
-0.262064 1.48269
-0.257595 1.48022
-0.25314 1.47772
-0.2487 1.4752
-0.244274 1.47265
-0.239864 1.47008
-0.235469 1.46748
-0.231089 1.46486
-0.226726 1.4622
-0.222379 1.45952
-0.218048 1.45682
-0.213735 1.45409
-0.209439 1.45132
-0.205162 1.44854
-0.200902 1.44572
-0.196661 1.44288
-0.19244 1.44
-0.188237 1.4371
-0.184055 1.43417
-0.179894 1.43121
-0.175753 1.42823
-0.171634 1.42521
-0.167537 1.42216
-0.163463 1.41908
-0.159412 1.41598
-0.155384 1.41284
-0.151381 1.40967
-0.147403 1.40647
-0.143451 1.40323
-0.139524 1.39997
-0.135625 1.39667
-0.131754 1.39334
-0.127911 1.38998
-0.124098 1.38658
-0.120315 1.38315
-0.116562 1.37969
-0.112842 1.37619
-0.109154 1.37266
-0.1055 1.3691
-0.101881 1.36549
-0.0982975 1.36186
-0.0947508 1.35818
-0.0912422 1.35447
-0.0877725 1.35073
-0.0843432 1.34694
-0.0809554 1.34312
-0.0776105 1.33927
-0.0743097 1.33537
-0.0710545 1.33144
-0.0678463 1.32746
-0.0646867 1.32345
-0.0615771 1.3194
-0.0585192 1.31531
-0.0555148 1.31118
-0.0525654 1.30702
-0.049673 1.30281
-0.0468394 1.29856
-0.0440665 1.29427
-0.0413563 1.28995
-0.0387108 1.28558
-0.0361321 1.28117
-0.0336223 1.27673
-0.0311838 1.27224
-0.0288187 1.26771
-0.0265293 1.26315
-0.024318 1.25855
-0.0221873 1.25391
-0.0201395 1.24923
-0.0181765 1.24452
-0.0163018 1.23977
-0.0145184 1.23498
-0.012821 1.23017
-0.0112411 1.22532
-0.00980922 1.22043
-0.00851709 1.2155
-0.00735397 1.21055
-0.00630913 1.20557
-0.0053718 1.20056
-0.00453123 1.19552
-0.00377667 1.19046
-0.00309738 1.18539
-0.00248259 1.1803
-0.00192157 1.1752
-0.00140354 1.17008
-0.000917777 1.16496
-0.000453513 1.15983
9.09495e-13 1.1547
