1.43115e-17 1.1547
0.000917776 1.16496
0.00192156 1.1752
0.00309738 1.18539
0.00453122 1.19552
0.00630912 1.20557
0.00851708 1.2155
0.0112411 1.22532
0.0145184 1.23498
0.0181765 1.24452
0.0221873 1.25391
0.0265293 1.26315
0.0311838 1.27224
0.0361321 1.28117
0.0413563 1.28995
0.0468394 1.29856
0.0525654 1.30702
0.0585192 1.31531
0.0646866 1.32345
0.0710545 1.33144
0.0776105 1.33927
0.0843432 1.34694
0.0912422 1.35447
0.0982975 1.36186
0.1055 1.3691
0.112842 1.37619
0.120315 1.38315
0.127911 1.38998
0.135625 1.39667
0.14345 1.40323
0.151381 1.40967
0.159411 1.41598
0.167537 1.42216
0.175753 1.42823
0.184055 1.43417
0.19244 1.44
0.200902 1.44572
0.209439 1.45132
0.218048 1.45682
0.226726 1.4622
0.235469 1.46748
0.244274 1.47265
0.25314 1.47772
0.262064 1.48269
0.271043 1.48755
0.280075 1.49232
0.289159 1.49699
0.298292 1.50156
0.307473 1.50603
0.316699 1.51041
0.325969 1.51469
0.335282 1.51888
0.344636 1.52298
0.354029 1.52699
0.36346 1.53091
0.372928 1.53474
0.382432 1.53848
0.39197 1.54213
0.401541 1.54569
0.411143 1.54917
0.420777 1.55256
0.43044 1.55586
0.440132 1.55908
0.449852 1.56222
0.459599 1.56527
0.469372 1.56823
0.479169 1.57111
0.488991 1.57391
0.498836 1.57663
0.508703 1.57927
0.518592 1.58182
0.528502 1.58429
0.538432 1.58668
0.548381 1.58898
0.558348 1.59121
0.568333 1.59335
0.578336 1.59542
0.588355 1.5974
0.598389 1.59931
0.608438 1.60113
0.618502 1.60287
0.628579 1.60453
0.638669 1.60611
0.648772 1.60761
0.658886 1.60903
0.669011 1.61037
0.679146 1.61163
0.689291 1.61281
0.699446 1.61391
0.709608 1.61493
0.719779 1.61587
0.729956 1.61673
0.74014 1.61751
0.75033 1.6182
0.760525 1.61882
0.770725 1.61936
0.780929 1.61981
0.791136 1.62018
0.801346 1.62047
0.811558 1.62068
0.821771 1.62081
0.831985 1.62085
0.842199 1.62081
0.852413 1.62069
0.862625 1.62049
0.872835 1.6202
0.883043 1.61983
0.893247 1.61938
0.903448 1.61884
0.913643 1.61822
0.923834 1.61751
0.934018 1.61672
0.944195 1.61584
0.954364 1.61488
0.964525 1.61383
0.974676 1.61269
0.984818 1.61147
0.994949 1.61016
1.00507 1.60876
1.01518 1.60728
1.02527 1.60571
1.03535 1.60404
1.04541 1.60229
1.05546 1.60045
1.06549 1.59852
1.07551 1.5965
1.0855 1.59438
1.09548 1.59218
1.10543 1.58988
1.11536 1.58749
1.12527 1.58501
1.13516 1.58243
1.14502 1.57976
1.15486 1.577
1.16467 1.57414
1.17445 1.57118
1.1842 1.56813
1.19392 1.56499
1.20361 1.56174
1.21326 1.5584
1.22288 1.55496
1.23247 1.55143
1.24202 1.54779
1.25153 1.54405
1.261 1.54022
1.27043 1.53628
1.27982 1.53224
1.28916 1.52811
1.29846 1.52387
1.30771 1.51953
1.31691 1.51508
1.32606 1.51053
1.33516 1.50588
1.34421 1.50113
1.3532 1.49627
1.36213 1.49131
1.37101 1.48624
1.37983 1.48107
1.38858 1.47579
1.39727 1.4704
1.40589 1.46492
1.41444 1.45932
1.42292 1.45362
1.43134 1.44781
1.43967 1.4419
1.44793 1.43588
1.45612 1.42975
1.46422 1.42352
1.47224 1.41718
1.48018 1.41074
1.48803 1.40419
1.49579 1.39753
1.50346 1.39077
1.51104 1.38391
1.51852 1.37694
1.5259 1.36987
1.53318 1.36269
1.54036 1.35542
1.54744 1.34803
1.55441 1.34055
1.56127 1.33297
1.56802 1.32529
1.57466 1.31751
1.58118 1.30963
1.58759 1.30166
1.59387 1.29359
1.60004 1.28544
1.60608 1.27718
1.61199 1.26884
1.61778 1.26041
1.62344 1.25189
1.62896 1.24328
1.63436 1.23459
1.63961 1.22582
1.64473 1.21697
1.64972 1.20804
1.65456 1.19903
1.65927 1.18995
1.66383 1.18079
1.66825 1.17157
1.67253 1.16228
1.67666 1.15292
1.68064 1.1435
1.68448 1.13402
1.68816 1.12448
1.6917 1.11488
1.69509 1.10523
1.69833 1.09553
1.70142 1.08578
1.70435 1.07598
1.70714 1.06614
1.70978 1.05625
1.71227 1.04633
1.71461 1.03637
1.7168 1.02638
1.71884 1.01636
1.72073 1.00631
1.72247 0.996232
1.72406 0.98613
1.7255 0.976005
1.7268 0.965861
1.72795 0.955699
1.72896 0.945521
1.72982 0.93533
1.73054 0.925128
1.73112 0.914916
1.73156 0.904698
1.73186 0.894475
1.73202 0.884249
1.73204 0.874023
1.73193 0.863799
1.73169 0.853577
1.73131 0.84336
1.7308 0.833149
1.73016 0.822945
1.72939 0.81275
1.7285 0.802564
1.72748 0.79239
1.72634 0.782229
1.72507 0.772083
1.72369 0.761951
1.72219 0.751837
1.72057 0.741742
1.71884 0.731666
1.71699 0.721612
1.71503 0.711579
1.71296 0.70157
1.71078 0.691583
1.7085 0.681621
1.70611 0.671683
1.70361 0.661771
1.70102 0.651885
1.69832 0.642025
1.69552 0.632194
1.69263 0.62239
1.68964 0.612615
1.68656 0.60287
1.68338 0.593155
1.68011 0.583471
1.67675 0.573818
1.67331 0.564198
1.66977 0.554609
1.66615 0.545053
1.66245 0.535529
1.65867 0.526038
1.6548 0.516579
1.65085 0.507154
1.64682 0.497763
1.64272 0.488404
1.63854 0.47908
1.63428 0.46979
1.62995 0.460534
1.62555 0.451312
1.62107 0.442126
1.61653 0.432974
1.61191 0.423857
1.60723 0.414775
1.60249 0.405729
1.59767 0.396717
1.59279 0.38774
1.58785 0.378798
1.58285 0.369891
1.57778 0.361019
1.57266 0.352182
1.56747 0.34338
1.56222 0.334612
1.55692 0.32588
1.55156 0.317182
1.54615 0.308519
1.54068 0.29989
1.53515 0.291297
1.52957 0.282738
1.52394 0.274214
1.51826 0.265724
1.51253 0.257268
1.50675 0.248846
1.50092 0.240459
1.49504 0.232105
1.48912 0.223785
1.48314 0.215499
1.47712 0.207246
1.47106 0.199027
1.46495 0.190841
1.45879 0.182688
1.45259 0.174568
1.44635 0.166481
1.44007 0.158426
1.43375 0.150404
1.42738 0.142415
1.42098 0.134458
1.41454 0.126533
1.40805 0.118639
1.40153 0.110778
1.39498 0.102948
1.38838 0.0951493
1.38175 0.0873819
1.37508 0.0796455
1.36837 0.0719399
1.36163 0.0642651
1.35486 0.0566207
1.34805 0.0490067
1.34121 0.0414229
1.33434 0.033869
1.32743 0.026345
1.32049 0.0188505
1.31352 0.0113856
1.30652 0.00394981
1.29949 -0.00345688
1.29242 -0.0108347
1.28533 -0.0181839
1.27821 -0.0255045
1.27106 -0.0327969
1.26388 -0.0400612
1.25667 -0.0472976
1.24944 -0.0545062
1.24218 -0.0616873
1.23489 -0.0688411
1.22757 -0.0759677
1.22023 -0.0830673
1.21286 -0.0901402
1.20547 -0.0971865
1.19805 -0.104206
1.19061 -0.1112
1.18315 -0.118168
1.17566 -0.12511
1.16814 -0.132027
1.1606 -0.138918
1.15304 -0.145784
1.14546 -0.152625
1.13786 -0.159441
1.13023 -0.166233
1.12258 -0.173
1.11491 -0.179743
1.10722 -0.186462
1.09951 -0.193158
1.09178 -0.19983
1.08403 -0.206478
1.07626 -0.213104
1.06846 -0.219706
1.06066 -0.226286
1.05283 -0.232844
1.04498 -0.239379
1.03711 -0.245892
1.02923 -0.252384
1.02133 -0.258853
1.01341 -0.265302
1.00547 -0.271729
0.997521 -0.278135
0.989552 -0.284521
0.981567 -0.290886
0.973565 -0.297231
0.965547 -0.303556
0.957514 -0.309861
0.949466 -0.316146
0.941403 -0.322412
0.933325 -0.32866
0.925232 -0.334888
0.917125 -0.341098
0.909004 -0.347289
0.90087 -0.353463
0.892722 -0.359618
0.88456 -0.365756
0.876386 -0.371877
0.868199 -0.37798
0.86 -0.384067
0.851788 -0.390138
0.843565 -0.396192
0.835329 -0.40223
0.827082 -0.408252
0.818825 -0.414259
0.810556 -0.420251
0.802276 -0.426229
0.793986 -0.432191
0.785686 -0.43814
0.777376 -0.444074
0.769056 -0.449995
0.760726 -0.455903
0.752388 -0.461798
0.744041 -0.46768
0.735685 -0.47355
0.727321 -0.479408
0.718948 -0.485254
0.710568 -0.491089
0.70218 -0.496914
0.693785 -0.502728
0.685383 -0.508531
0.676975 -0.514325
0.66856 -0.52011
0.660138 -0.525885
0.651711 -0.531652
0.643279 -0.537412
0.634841 -0.543163
0.626398 -0.548907
0.617951 -0.554645
0.609499 -0.560376
0.601044 -0.566101
0.592585 -0.571821
0.584122 -0.577536
0.575657 -0.583247
0.567189 -0.588954
0.558719 -0.594657
0.550247 -0.600358
0.541774 -0.606057
0.533299 -0.611755
0.524824 -0.617451
0.516349 -0.623147
0.507874 -0.628843
0.499399 -0.634541
0.490926 -0.64024
0.482455 -0.645941
0.473985 -0.651646
0.465518 -0.657354
0.457054 -0.663067
0.448594 -0.668786
0.440138 -0.67451
0.431687 -0.680242
0.423241 -0.685982
0.414802 -0.691731
0.406369 -0.69749
0.397944 -0.703259
0.389526 -0.709041
0.381118 -0.714835
0.372719 -0.720643
0.364331 -0.726467
0.355955 -0.732307
0.34759 -0.738165
0.339239 -0.744041
0.330902 -0.749938
0.32258 -0.755857
0.314275 -0.761798
0.305988 -0.767764
0.297719 -0.773757
0.289471 -0.779777
0.281244 -0.785826
0.273041 -0.791908
0.264862 -0.798022
0.256709 -0.804171
0.248585 -0.810358
0.24049 -0.816584
0.232428 -0.822851
0.224401 -0.829162
0.216409 -0.83552
0.208457 -0.841926
0.200547 -0.848385
0.192681 -0.854897
0.184863 -0.861467
0.177096 -0.868097
0.169384 -0.87479
0.161731 -0.881551
0.15414 -0.888381
0.146616 -0.895286
0.139164 -0.902269
0.13179 -0.909333
0.1245 -0.916484
0.117298 -0.923724
0.110193 -0.931059
0.103192 -0.938493
0.0963021 -0.94603
0.0895329 -0.953676
0.0828937 -0.961436
0.0763949 -0.969313
0.0700477 -0.977312
0.0638644 -0.985439
0.0578581 -0.993698
0.0520433 -1.00209
0.0464353 -1.01063
0.0410506 -1.0193
0.035907 -1.02812
0.0310232 -1.03709
0.0264188 -1.04621
0.0221144 -1.05547
0.0181309 -1.06487
0.0144916 -1.07442
0.0112271 -1.08423
0.00851257 -1.09601
0.00631062 -1.10914
0.00453586 -1.12247
0.00310286 -1.13484
0.00192617 -1.14511
0.000920368 -1.15211
6.04814e-10 -1.1547
-0.000920366 -1.15211
-0.00192617 -1.14511
-0.00310285 -1.13484
-0.00453585 -1.12247
-0.00631061 -1.10914
-0.00851256 -1.09601
-0.0112271 -1.08423
-0.0144916 -1.07442
-0.0181309 -1.06487
-0.0221144 -1.05547
-0.0264188 -1.04621
-0.0310232 -1.03709
-0.035907 -1.02812
-0.0410506 -1.0193
-0.0464353 -1.01063
-0.0520433 -1.00209
-0.0578581 -0.993698
-0.0638644 -0.985439
-0.0700477 -0.977312
-0.0763949 -0.969313
-0.0828937 -0.961436
-0.0895329 -0.953676
-0.0963021 -0.94603
-0.103192 -0.938493
-0.110193 -0.931059
-0.117298 -0.923724
-0.1245 -0.916484
-0.13179 -0.909333
-0.139164 -0.902269
-0.146616 -0.895286
-0.15414 -0.888381
-0.161731 -0.881551
-0.169384 -0.87479
-0.177096 -0.868097
-0.184863 -0.861467
-0.192681 -0.854897
-0.200547 -0.848385
-0.208457 -0.841926
-0.216409 -0.83552
-0.224401 -0.829162
-0.232428 -0.822851
-0.24049 -0.816584
-0.248585 -0.810358
-0.256709 -0.804171
-0.264862 -0.798022
-0.273041 -0.791908
-0.281244 -0.785826
-0.289471 -0.779777
-0.297719 -0.773757
-0.305988 -0.767764
-0.314275 -0.761798
-0.32258 -0.755857
-0.330902 -0.749938
-0.339239 -0.744041
-0.34759 -0.738165
-0.355954 -0.732307
-0.364331 -0.726467
-0.372719 -0.720643
-0.381118 -0.714835
-0.389526 -0.709041
-0.397944 -0.703259
-0.406369 -0.69749
-0.414802 -0.691731
-0.423241 -0.685982
-0.431687 -0.680242
-0.440138 -0.67451
-0.448594 -0.668786
-0.457054 -0.663067
-0.465518 -0.657354
-0.473985 -0.651646
-0.482455 -0.645941
-0.490926 -0.64024
-0.499399 -0.634541
-0.507874 -0.628843
-0.516349 -0.623147
-0.524824 -0.617451
-0.533299 -0.611755
-0.541774 -0.606057
-0.550247 -0.600358
-0.558719 -0.594657
-0.567189 -0.588954
-0.575657 -0.583247
-0.584122 -0.577536
-0.592585 -0.571821
-0.601044 -0.566101
-0.609499 -0.560376
-0.617951 -0.554645
-0.626398 -0.548907
-0.634841 -0.543163
-0.643279 -0.537412
-0.651711 -0.531652
-0.660138 -0.525885
-0.66856 -0.52011
-0.676975 -0.514325
-0.685383 -0.508531
-0.693785 -0.502728
-0.70218 -0.496914
-0.710568 -0.491089
-0.718948 -0.485254
-0.727321 -0.479408
-0.735685 -0.47355
-0.744041 -0.46768
-0.752388 -0.461798
-0.760726 -0.455903
-0.769056 -0.449995
-0.777376 -0.444074
-0.785686 -0.43814
-0.793986 -0.432191
-0.802276 -0.426229
-0.810556 -0.420251
-0.818825 -0.414259
-0.827082 -0.408252
-0.835329 -0.40223
-0.843565 -0.396192
-0.851788 -0.390138
-0.86 -0.384067
-0.868199 -0.37798
-0.876386 -0.371877
-0.88456 -0.365756
-0.892722 -0.359618
-0.90087 -0.353463
-0.909004 -0.347289
-0.917125 -0.341098
-0.925232 -0.334888
-0.933325 -0.32866
-0.941403 -0.322412
-0.949466 -0.316146
-0.957514 -0.309861
-0.965547 -0.303556
-0.973565 -0.297231
-0.981567 -0.290886
-0.989552 -0.284521
-0.997521 -0.278135
-1.00547 -0.271729
-1.01341 -0.265302
-1.02133 -0.258853
-1.02923 -0.252384
-1.03711 -0.245892
-1.04498 -0.239379
-1.05283 -0.232844
-1.06066 -0.226286
-1.06846 -0.219706
-1.07626 -0.213104
-1.08403 -0.206478
-1.09178 -0.19983
-1.09951 -0.193158
-1.10722 -0.186462
-1.11491 -0.179743
-1.12258 -0.173
-1.13023 -0.166233
-1.13786 -0.159441
-1.14546 -0.152625
-1.15304 -0.145784
-1.1606 -0.138918
-1.16814 -0.132027
-1.17566 -0.12511
-1.18315 -0.118168
-1.19061 -0.1112
-1.19805 -0.104206
-1.20547 -0.0971865
-1.21286 -0.0901402
-1.22023 -0.0830673
-1.22757 -0.0759677
-1.23489 -0.0688411
-1.24218 -0.0616873
-1.24944 -0.0545062
-1.25667 -0.0472976
-1.26388 -0.0400612
-1.27106 -0.0327969
-1.27821 -0.0255045
-1.28533 -0.0181839
-1.29242 -0.0108347
-1.29949 -0.00345689
-1.30652 0.0039498
-1.31352 0.0113855
-1.32049 0.0188505
-1.32743 0.026345
-1.33434 0.033869
-1.34121 0.0414229
-1.34805 0.0490067
-1.35486 0.0566207
-1.36163 0.0642651
-1.36837 0.0719399
-1.37508 0.0796455
-1.38175 0.0873819
-1.38838 0.0951493
-1.39498 0.102948
-1.40153 0.110778
-1.40805 0.118639
-1.41454 0.126533
-1.42098 0.134458
-1.42738 0.142415
-1.43375 0.150404
-1.44007 0.158426
-1.44635 0.166481
-1.45259 0.174568
-1.45879 0.182688
-1.46495 0.190841
-1.47106 0.199027
-1.47712 0.207246
-1.48314 0.215499
-1.48912 0.223785
-1.49504 0.232105
-1.50092 0.240459
-1.50675 0.248846
-1.51253 0.257268
-1.51826 0.265724
-1.52394 0.274214
-1.52957 0.282738
-1.53515 0.291297
-1.54068 0.29989
-1.54615 0.308519
-1.55156 0.317182
-1.55692 0.32588
-1.56222 0.334612
-1.56747 0.34338
-1.57266 0.352182
-1.57778 0.361019
-1.58285 0.369891
-1.58785 0.378798
-1.59279 0.38774
-1.59767 0.396717
-1.60249 0.405729
-1.60723 0.414775
-1.61191 0.423857
-1.61653 0.432974
-1.62107 0.442126
-1.62555 0.451312
-1.62995 0.460534
-1.63428 0.46979
-1.63854 0.47908
-1.64272 0.488404
-1.64682 0.497763
-1.65085 0.507154
-1.6548 0.516579
-1.65867 0.526038
-1.66245 0.535529
-1.66615 0.545053
-1.66977 0.554609
-1.67331 0.564198
-1.67675 0.573818
-1.68011 0.583471
-1.68338 0.593155
-1.68656 0.60287
-1.68964 0.612615
-1.69263 0.62239
-1.69552 0.632194
-1.69832 0.642025
-1.70102 0.651885
-1.70361 0.661771
-1.70611 0.671683
-1.7085 0.681621
-1.71078 0.691583
-1.71296 0.70157
-1.71503 0.711579
-1.71699 0.721612
-1.71884 0.731666
-1.72057 0.741742
-1.72219 0.751837
-1.72369 0.761951
-1.72507 0.772083
-1.72634 0.782229
-1.72748 0.79239
-1.7285 0.802564
-1.72939 0.81275
-1.73016 0.822945
-1.7308 0.833149
-1.73131 0.84336
-1.73169 0.853577
-1.73193 0.863799
-1.73204 0.874023
-1.73202 0.884249
-1.73186 0.894475
-1.73156 0.904698
-1.73112 0.914916
-1.73054 0.925128
-1.72982 0.93533
-1.72896 0.945521
-1.72795 0.955699
-1.7268 0.965861
-1.7255 0.976005
-1.72406 0.98613
-1.72247 0.996232
-1.72073 1.00631
-1.71884 1.01636
-1.7168 1.02638
-1.71461 1.03637
-1.71227 1.04633
-1.70978 1.05625
-1.70714 1.06614
-1.70435 1.07598
-1.70142 1.08578
-1.69833 1.09553
-1.69509 1.10523
-1.6917 1.11488
-1.68816 1.12448
-1.68448 1.13402
-1.68064 1.1435
-1.67666 1.15292
-1.67253 1.16228
-1.66825 1.17157
-1.66383 1.18079
-1.65927 1.18995
-1.65456 1.19903
-1.64972 1.20804
-1.64473 1.21697
-1.63961 1.22582
-1.63436 1.23459
-1.62896 1.24328
-1.62344 1.25189
-1.61778 1.26041
-1.61199 1.26884
-1.60608 1.27718
-1.60004 1.28544
-1.59387 1.29359
-1.58759 1.30166
-1.58118 1.30963
-1.57466 1.31751
-1.56802 1.32529
-1.56127 1.33297
-1.55441 1.34055
-1.54744 1.34803
-1.54036 1.35542
-1.53318 1.36269
-1.5259 1.36987
-1.51852 1.37694
-1.51104 1.38391
-1.50346 1.39077
-1.49579 1.39753
-1.48803 1.40419
-1.48018 1.41074
-1.47224 1.41718
-1.46422 1.42352
-1.45612 1.42975
-1.44793 1.43588
-1.43967 1.4419
-1.43134 1.44781
-1.42292 1.45362
-1.41444 1.45932
-1.40589 1.46492
-1.39727 1.4704
-1.38858 1.47579
-1.37983 1.48107
-1.37101 1.48624
-1.36213 1.49131
-1.3532 1.49627
-1.34421 1.50113
-1.33516 1.50588
-1.32606 1.51053
-1.31691 1.51508
-1.30771 1.51953
-1.29846 1.52387
-1.28916 1.52811
-1.27982 1.53224
-1.27043 1.53628
-1.261 1.54022
-1.25153 1.54405
-1.24202 1.54779
-1.23247 1.55143
-1.22288 1.55496
-1.21326 1.5584
-1.20361 1.56174
-1.19392 1.56499
-1.1842 1.56813
-1.17445 1.57118
-1.16467 1.57414
-1.15486 1.577
-1.14502 1.57976
-1.13516 1.58243
-1.12527 1.58501
-1.11536 1.58749
-1.10543 1.58988
-1.09548 1.59218
-1.0855 1.59438
-1.07551 1.5965
-1.06549 1.59852
-1.05546 1.60045
-1.04541 1.60229
-1.03535 1.60404
-1.02527 1.60571
-1.01518 1.60728
-1.00507 1.60876
-0.994949 1.61016
-0.984818 1.61147
-0.974676 1.61269
-0.964525 1.61383
-0.954364 1.61488
-0.944195 1.61584
-0.934018 1.61672
-0.923834 1.61751
-0.913643 1.61822
-0.903448 1.61884
-0.893247 1.61938
-0.883043 1.61983
-0.872835 1.6202
-0.862625 1.62049
-0.852413 1.62069
-0.842199 1.62081
-0.831985 1.62085
-0.821771 1.62081
-0.811558 1.62068
-0.801346 1.62047
-0.791136 1.62018
-0.780929 1.61981
-0.770725 1.61936
-0.760525 1.61882
-0.75033 1.6182
-0.74014 1.61751
-0.729956 1.61673
-0.719779 1.61587
-0.709608 1.61493
-0.699446 1.61391
-0.689291 1.61281
-0.679146 1.61163
-0.669011 1.61037
-0.658886 1.60903
-0.648772 1.60761
-0.638669 1.60611
-0.628579 1.60453
-0.618502 1.60287
-0.608438 1.60113
-0.598389 1.59931
-0.588355 1.5974
-0.578336 1.59542
-0.568333 1.59335
-0.558348 1.59121
-0.548381 1.58898
-0.538432 1.58668
-0.528502 1.58429
-0.518592 1.58182
-0.508703 1.57927
-0.498836 1.57663
-0.488991 1.57391
-0.479169 1.57111
-0.469372 1.56823
-0.459599 1.56527
-0.449852 1.56222
-0.440132 1.55908
-0.43044 1.55586
-0.420777 1.55256
-0.411143 1.54917
-0.401541 1.54569
-0.39197 1.54213
-0.382432 1.53848
-0.372928 1.53474
-0.36346 1.53091
-0.354029 1.52699
-0.344636 1.52298
-0.335282 1.51888
-0.325969 1.51469
-0.316699 1.51041
-0.307473 1.50603
-0.298292 1.50156
-0.289159 1.49699
-0.280075 1.49232
-0.271043 1.48755
-0.262064 1.48269
-0.25314 1.47772
-0.244274 1.47265
-0.235469 1.46748
-0.226726 1.4622
-0.218048 1.45682
-0.209439 1.45132
-0.200902 1.44572
-0.19244 1.44
-0.184055 1.43417
-0.175753 1.42823
-0.167537 1.42216
-0.159412 1.41598
-0.151381 1.40967
-0.143451 1.40323
-0.135625 1.39667
-0.127911 1.38998
-0.120315 1.38315
-0.112842 1.37619
-0.1055 1.3691
-0.0982975 1.36186
-0.0912422 1.35447
-0.0843432 1.34694
-0.0776105 1.33927
-0.0710545 1.33144
-0.0646867 1.32345
-0.0585192 1.31531
-0.0525654 1.30702
-0.0468394 1.29856
-0.0413563 1.28995
-0.0361321 1.28117
-0.0311838 1.27224
-0.0265294 1.26315
-0.0221873 1.25391
-0.0181765 1.24452
-0.0145184 1.23498
-0.0112411 1.22532
-0.00851708 1.2155
-0.00630912 1.20556
-0.00453122 1.19552
-0.00309737 1.18539
-0.00192156 1.17519
-0.000917773 1.16496
-2.54659e-11 1.1547
