-9.71445e-17 1.1547
0.00180301 1.15891
0.00360661 1.16313
0.00541141 1.16734
0.00721799 1.17155
0.00902695 1.17576
0.0108389 1.17997
0.0126544 1.18417
0.0144741 1.18838
0.0162985 1.19258
0.0181283 1.19677
0.0199641 1.20096
0.0218064 1.20515
0.0236558 1.20934
0.025513 1.21352
0.0273785 1.21769
0.029253 1.22186
0.0311369 1.22602
0.033031 1.23018
0.0349358 1.23433
0.036852 1.23847
0.03878 1.24261
0.0407205 1.24673
0.0426741 1.25085
0.0446415 1.25496
0.0466231 1.25907
0.0486195 1.26316
0.0506315 1.26724
0.0526595 1.27131
0.0547043 1.27537
0.0567662 1.27943
0.0588461 1.28347
0.0609443 1.2875
0.0630617 1.29151
0.0651987 1.29552
0.0673559 1.29951
0.0695339 1.30349
0.0717334 1.30745
0.073955 1.3114
0.0761991 1.31534
0.0784664 1.31926
0.0807576 1.32317
0.0830732 1.32707
0.0854138 1.33094
0.0877799 1.3348
0.0901723 1.33865
0.0925915 1.34248
0.095038 1.34629
0.0975126 1.35008
0.100016 1.35386
0.102548 1.35761
0.10511 1.36135
0.107702 1.36507
0.110326 1.36877
0.112981 1.37245
0.115668 1.37611
0.118387 1.37975
0.121141 1.38337
0.123928 1.38697
0.126749 1.39055
0.129604 1.3941
0.132492 1.39764
0.135414 1.40115
0.138369 1.40464
0.141357 1.40811
0.144377 1.41155
0.14743 1.41498
0.150514 1.41838
0.15363 1.42177
0.156778 1.42513
0.159957 1.42846
0.163167 1.43178
0.166408 1.43508
0.169679 1.43835
0.17298 1.4416
0.176311 1.44483
0.179672 1.44804
0.183063 1.45122
0.186482 1.45438
0.18993 1.45752
0.193407 1.46064
0.196913 1.46374
0.200446 1.46681
0.204008 1.46986
0.207596 1.47289
0.211213 1.4759
0.214856 1.47888
0.218526 1.48184
0.222223 1.48478
0.225946 1.4877
0.229695 1.49059
0.233469 1.49347
0.237269 1.49631
0.241095 1.49914
0.244945 1.50194
0.24882 1.50472
0.25272 1.50748
0.256644 1.51022
0.260591 1.51293
0.264563 1.51562
0.268558 1.51829
0.272576 1.52093
0.276617 1.52355
0.28068 1.52615
0.284766 1.52872
0.288874 1.53127
0.293004 1.5338
0.297155 1.53631
0.301328 1.53879
0.305522 1.54125
0.309736 1.54368
0.313972 1.54609
0.318227 1.54848
0.322503 1.55085
0.326798 1.55319
0.331113 1.5555
0.335447 1.5578
0.3398 1.56007
0.344172 1.56232
0.348562 1.56454
0.35297 1.56674
0.357397 1.56892
0.361841 1.57107
0.366302 1.5732
0.370781 1.5753
0.375277 1.57738
0.379789 1.57944
0.384318 1.58147
0.388862 1.58348
0.393423 1.58547
0.397999 1.58743
0.402591 1.58937
0.407197 1.59128
0.411819 1.59317
0.416455 1.59503
0.421105 1.59687
0.425769 1.59869
0.430448 1.60048
0.435139 1.60225
0.439844 1.60399
0.444562 1.60571
0.449293 1.60741
0.454036 1.60908
0.458791 1.61072
0.463558 1.61234
0.468337 1.61394
0.473128 1.61551
0.47793 1.61705
0.482742 1.61858
0.487565 1.62007
0.492399 1.62155
0.497242 1.62299
0.502096 1.62442
0.506959 1.62582
0.511832 1.62719
0.516713 1.62854
0.521604 1.62986
0.526503 1.63116
0.53141 1.63243
0.536326 1.63368
0.541249 1.6349
0.546179 1.6361
0.551117 1.63727
0.556062 1.63842
0.561014 1.63954
0.565972 1.64063
0.570937 1.64171
0.575907 1.64275
0.580883 1.64377
0.585865 1.64477
0.590851 1.64573
0.595843 1.64668
0.600839 1.6476
0.60584 1.64849
0.610845 1.64935
0.615854 1.6502
0.620866 1.65101
0.625882 1.6518
0.630901 1.65256
0.635922 1.6533
0.640947 1.65401
0.645973 1.6547
0.651002 1.65536
0.656032 1.65599
0.661064 1.6566
0.666097 1.65718
0.671132 1.65774
0.676167 1.65827
0.681202 1.65877
0.686238 1.65925
0.691273 1.6597
0.696309 1.66012
0.701344 1.66052
0.706378 1.66089
0.711411 1.66124
0.716442 1.66156
0.721473 1.66185
0.726501 1.66211
0.731527 1.66235
0.736551 1.66257
0.741572 1.66275
0.74659 1.66291
0.751605 1.66304
0.756617 1.66315
0.761625 1.66323
0.766629 1.66328
0.771629 1.66331
0.776624 1.66331
0.781615 1.66328
0.7866 1.66322
0.791581 1.66314
0.796556 1.66303
0.801525 1.66289
0.806488 1.66273
0.811445 1.66254
0.816396 1.66232
0.821339 1.66208
0.826276 1.6618
0.831205 1.66151
0.836127 1.66118
0.84104 1.66082
0.845946 1.66044
0.850844 1.66003
0.855732 1.6596
0.860612 1.65913
0.865483 1.65864
0.870344 1.65812
0.875196 1.65757
0.880037 1.657
0.884869 1.6564
0.88969 1.65577
0.8945 1.65511
0.8993 1.65442
0.904088 1.65371
0.908865 1.65297
0.91363 1.6522
0.918383 1.6514
0.923123 1.65058
0.927851 1.64972
0.932567 1.64884
0.937269 1.64793
0.941958 1.64699
0.946633 1.64603
0.951295 1.64503
0.955943 1.64401
0.960576 1.64296
0.965194 1.64188
0.969798 1.64077
0.974386 1.63964
0.97896 1.63847
0.983517 1.63728
0.988059 1.63606
0.992584 1.63481
0.997093 1.63353
1.00159 1.63223
1.00606 1.63089
1.01052 1.62953
1.01496 1.62813
1.01938 1.62671
1.02379 1.62526
1.02817 1.62378
1.03254 1.62227
1.03689 1.62073
1.04122 1.61917
1.04553 1.61757
1.04982 1.61595
1.0541 1.6143
1.05835 1.61261
1.06258 1.6109
1.06679 1.60916
1.07098 1.60739
1.07515 1.60559
1.07929 1.60376
1.08342 1.6019
1.08752 1.60002
1.0916 1.5981
1.09566 1.59615
1.0997 1.59418
1.10371 1.59217
1.1077 1.59014
1.11167 1.58807
1.11561 1.58598
1.11953 1.58386
1.12343 1.5817
1.1273 1.57952
1.13115 1.57731
1.13497 1.57507
1.13878 1.5728
1.14255 1.57051
1.14631 1.56818
1.15004 1.56582
1.15375 1.56344
1.15743 1.56103
1.1611 1.55859
1.16473 1.55613
1.16835 1.55363
1.17194 1.55111
1.17551 1.54856
1.17905 1.54598
1.18257 1.54338
1.18607 1.54075
1.18955 1.53809
1.193 1.53541
1.19643 1.53269
1.19984 1.52996
1.20322 1.52719
1.20658 1.5244
1.20992 1.52158
1.21323 1.51874
1.21652 1.51587
1.21979 1.51298
1.22304 1.51005
1.22626 1.50711
1.22946 1.50414
1.23264 1.50114
1.23579 1.49812
1.23892 1.49507
1.24203 1.492
1.24512 1.4889
1.24818 1.48578
1.25122 1.48264
1.25424 1.47946
1.25724 1.47627
1.26021 1.47305
1.26316 1.46981
1.26609 1.46654
1.269 1.46325
1.27188 1.45994
1.27474 1.4566
1.27758 1.45324
1.28039 1.44986
1.28319 1.44645
1.28596 1.44302
1.28871 1.43957
1.29143 1.43609
1.29414 1.4326
1.29682 1.42908
1.29948 1.42553
1.30212 1.42197
1.30473 1.41838
1.30733 1.41478
1.3099 1.41115
1.31245 1.40749
1.31498 1.40382
1.31748 1.40013
1.31996 1.39641
1.32243 1.39267
1.32487 1.38892
1.32728 1.38514
1.32968 1.38134
1.33205 1.37752
1.3344 1.37368
1.33673 1.36982
1.33904 1.36594
1.34133 1.36203
1.34359 1.35811
1.34584 1.35417
1.34806 1.35021
1.35026 1.34623
1.35244 1.34223
1.35459 1.33821
1.35673 1.33418
1.35884 1.33012
1.36093 1.32604
1.363 1.32195
1.36505 1.31784
1.36708 1.3137
1.36909 1.30955
1.37107 1.30539
1.37303 1.3012
1.37497 1.297
1.3769 1.29277
1.37879 1.28853
1.38067 1.28428
1.38253 1.28
1.38436 1.27571
1.38618 1.2714
1.38797 1.26707
1.38974 1.26273
1.39149 1.25837
1.39322 1.25399
1.39493 1.2496
1.39662 1.24519
1.39829 1.24076
1.39993 1.23632
1.40156 1.23186
1.40316 1.22739
1.40474 1.2229
1.40631 1.21839
1.40785 1.21387
1.40937 1.20934
1.41087 1.20479
1.41235 1.20022
1.4138 1.19564
1.41524 1.19104
1.41666 1.18643
1.41805 1.1818
1.41943 1.17716
1.42078 1.17251
1.42212 1.16784
1.42343 1.16316
1.42472 1.15846
1.42599 1.15375
1.42725 1.14903
1.42848 1.14429
1.42969 1.13954
1.43088 1.13477
1.43205 1.12999
1.4332 1.1252
1.43433 1.1204
1.43544 1.11558
1.43653 1.11076
1.43759 1.10591
1.43864 1.10106
1.43967 1.09619
1.44068 1.09132
1.44167 1.08643
1.44263 1.08152
1.44358 1.07661
1.44451 1.07168
1.44542 1.06675
1.4463 1.0618
1.44717 1.05684
1.44802 1.05187
1.44884 1.04689
1.44965 1.0419
1.45044 1.03689
1.45121 1.03188
1.45195 1.02686
1.45268 1.02182
1.45339 1.01678
1.45408 1.01173
1.45475 1.00666
1.4554 1.00159
1.45603 0.996505
1.45663 0.991412
1.45722 0.986309
1.45779 0.981198
1.45835 0.976077
1.45888 0.970948
1.45939 0.965809
1.45988 0.960662
1.46035 0.955507
1.46081 0.950342
1.46124 0.94517
1.46165 0.939989
1.46205 0.934801
1.46242 0.929604
1.46278 0.924399
1.46312 0.919187
1.46343 0.913968
1.46373 0.90874
1.46401 0.903506
1.46427 0.898265
1.46451 0.893016
1.46473 0.887761
1.46493 0.882498
1.46512 0.87723
1.46528 0.871954
1.46543 0.866673
1.46555 0.861385
1.46566 0.856091
1.46575 0.850791
1.46582 0.845485
1.46587 0.840173
1.4659 0.834856
1.46591 0.829533
1.46591 0.824205
1.46588 0.818872
1.46584 0.813534
1.46577 0.808191
1.46569 0.802843
1.46559 0.79749
1.46547 0.792133
1.46534 0.786772
1.46518 0.781406
1.465 0.776036
1.46481 0.770662
1.4646 0.765284
1.46437 0.759902
1.46412 0.754517
1.46385 0.749128
1.46357 0.743736
1.46326 0.73834
1.46294 0.732942
1.4626 0.72754
1.46224 0.722136
1.46186 0.716729
1.46146 0.711319
1.46105 0.705907
1.46062 0.700493
1.46017 0.695076
1.4597 0.689657
1.45921 0.684237
1.4587 0.678814
1.45818 0.67339
1.45764 0.667964
1.45708 0.662537
1.4565 0.657109
1.45591 0.65168
1.45529 0.646249
1.45466 0.640818
1.45401 0.635385
1.45334 0.629953
1.45266 0.624519
1.45195 0.619086
1.45123 0.613652
1.45049 0.608218
1.44974 0.602784
1.44896 0.59735
1.44817 0.591916
1.44736 0.586483
1.44653 0.58105
1.44569 0.575619
1.44482 0.570187
1.44394 0.564757
1.44305 0.559328
1.44213 0.5539
1.4412 0.548473
1.44025 0.543048
1.43928 0.537625
1.43829 0.532203
1.43729 0.526783
1.43627 0.521365
1.43523 0.515949
1.43417 0.510535
1.4331 0.505124
1.43201 0.499715
1.43091 0.494309
1.42978 0.488905
1.42864 0.483505
1.42748 0.478107
1.4263 0.472713
1.42511 0.467322
1.4239 0.461934
1.42267 0.45655
1.42143 0.45117
1.42017 0.445793
1.41889 0.44042
1.41759 0.435052
1.41628 0.429687
1.41495 0.424327
1.41361 0.418971
1.41224 0.41362
1.41086 0.408274
1.40947 0.402932
1.40805 0.397596
1.40662 0.392264
1.40518 0.386938
1.40371 0.381617
1.40223 0.376302
1.40073 0.370992
1.39922 0.365688
1.39769 0.36039
1.39614 0.355098
1.39458 0.349812
1.393 0.344532
1.3914 0.339259
1.38979 0.333993
1.38816 0.328733
1.38651 0.323479
1.38485 0.318233
1.38317 0.312994
1.38148 0.307762
1.37977 0.302537
1.37804 0.29732
1.37629 0.29211
1.37453 0.286908
1.37276 0.281714
1.37096 0.276528
1.36915 0.27135
1.36733 0.26618
1.36549 0.261019
1.36363 0.255866
1.36176 0.250722
1.35987 0.245586
1.35796 0.24046
1.35604 0.235342
1.3541 0.230234
1.35215 0.225134
1.35018 0.220045
1.34819 0.214964
1.34619 0.209894
1.34417 0.204833
1.34214 0.199782
1.34009 0.194741
1.33803 0.189711
1.33595 0.184691
1.33385 0.179681
1.33174 0.174682
1.32961 0.169693
1.32747 0.164715
1.32531 0.159749
1.32314 0.154793
1.32095 0.149849
1.31874 0.144916
1.31652 0.139994
1.31428 0.135085
1.31203 0.130187
1.30976 0.1253
1.30748 0.120426
1.30518 0.115564
1.30287 0.110714
1.30054 0.105877
1.2982 0.101052
1.29584 0.0962401
1.29346 0.0914407
1.29107 0.0866543
1.28867 0.081881
1.28625 0.0771208
1.28381 0.072374
1.28136 0.0676406
1.2789 0.0629208
1.27642 0.0582148
1.27392 0.0535225
1.27141 0.0488443
1.26888 0.0441801
1.26634 0.0395302
1.26379 0.0348947
1.26122 0.0302736
1.25863 0.0256672
1.25603 0.0210755
1.25342 0.0164987
1.25079 0.0119369
1.24814 0.00739032
1.24548 0.00285897
1.24281 -0.00165696
1.24012 -0.00615735
1.23742 -0.0106421
1.2347 -0.015111
1.23196 -0.019564
1.22922 -0.0240009
1.22645 -0.0284217
1.22368 -0.0328261
1.22089 -0.0372141
1.21808 -0.0415855
1.21526 -0.0459401
1.21243 -0.050278
1.20958 -0.0545988
1.20671 -0.0589026
1.20383 -0.0631891
1.20094 -0.0674582
1.19804 -0.0717099
1.19511 -0.0759439
1.19218 -0.0801602
1.18923 -0.0843586
1.18627 -0.088539
1.18329 -0.0927012
1.1803 -0.0968451
1.17729 -0.100971
1.17427 -0.105078
1.17124 -0.109166
1.16819 -0.113236
1.16512 -0.117286
1.16205 -0.121318
1.15896 -0.12533
1.15585 -0.129323
1.15273 -0.133297
1.1496 -0.137251
1.14646 -0.141185
1.1433 -0.145099
1.14012 -0.148994
1.13693 -0.152868
1.13373 -0.156722
1.13052 -0.160556
1.12729 -0.164369
1.12405 -0.168162
1.12079 -0.171934
1.11752 -0.175685
1.11424 -0.179415
1.11094 -0.183124
1.10763 -0.186811
1.1043 -0.190478
1.10097 -0.194123
1.09762 -0.197748
1.09425 -0.201352
1.09087 -0.204935
1.08748 -0.208498
1.08408 -0.212041
1.08067 -0.215564
1.07724 -0.219067
1.0738 -0.22255
1.07035 -0.226013
1.06688 -0.229457
1.06341 -0.232882
1.05992 -0.236287
1.05642 -0.239674
1.05291 -0.243041
1.04938 -0.24639
1.04585 -0.249721
1.0423 -0.253033
1.03875 -0.256327
1.03518 -0.259603
1.0316 -0.262861
1.02801 -0.266101
1.02441 -0.269324
1.0208 -0.272529
1.01718 -0.275717
1.01355 -0.278888
1.00991 -0.282042
1.00625 -0.285179
1.00259 -0.288299
0.998922 -0.291403
0.995241 -0.294491
0.991551 -0.297562
0.987851 -0.300617
0.984142 -0.303657
0.980423 -0.30668
0.976696 -0.309688
0.97296 -0.312681
0.969214 -0.315659
0.965461 -0.318621
0.961698 -0.321568
0.957928 -0.324501
0.954148 -0.327419
0.950361 -0.330322
0.946566 -0.333211
0.942763 -0.336086
0.938951 -0.338947
0.935133 -0.341794
0.931306 -0.344628
0.927472 -0.347447
0.923631 -0.350254
0.919783 -0.353047
0.915927 -0.355827
0.912065 -0.358594
0.908195 -0.361348
0.904319 -0.36409
0.900437 -0.366819
0.896548 -0.369536
0.892652 -0.372241
0.888751 -0.374933
0.884843 -0.377614
0.880929 -0.380283
0.87701 -0.382941
0.873084 -0.385587
0.869153 -0.388222
0.865217 -0.390846
0.861275 -0.393459
0.857328 -0.396061
0.853376 -0.398653
0.849418 -0.401234
0.845456 -0.403805
0.841489 -0.406365
0.837518 -0.408916
0.833542 -0.411457
0.829562 -0.413988
0.825577 -0.41651
0.821588 -0.419022
0.817595 -0.421525
0.813599 -0.424019
0.809598 -0.426504
0.805594 -0.428981
0.801586 -0.431448
0.797575 -0.433908
0.793561 -0.436359
0.789543 -0.438802
0.785523 -0.441237
0.781499 -0.443664
0.777473 -0.446083
0.773444 -0.448495
0.769413 -0.4509
0.765379 -0.453297
0.761343 -0.455687
0.757304 -0.458071
0.753264 -0.460447
0.749221 -0.462817
0.745177 -0.465181
0.741131 -0.467538
0.737084 -0.46989
0.733035 -0.472235
0.728985 -0.474575
0.724933 -0.476908
0.720881 -0.479237
0.716827 -0.48156
0.712773 -0.483878
0.708718 -0.48619
0.704662 -0.488498
0.700606 -0.490802
0.69655 -0.4931
0.692493 -0.495394
0.688437 -0.497684
0.68438 -0.49997
0.680323 -0.502252
0.676267 -0.50453
0.672211 -0.506805
0.668156 -0.509076
0.664101 -0.511344
0.660047 -0.513608
0.655994 -0.51587
0.651942 -0.518128
0.647891 -0.520384
0.643842 -0.522638
0.639793 -0.524889
0.635747 -0.527137
0.631701 -0.529384
0.627658 -0.531629
0.623616 -0.533872
0.619577 -0.536113
0.615539 -0.538353
0.611504 -0.540592
0.607471 -0.542829
0.603441 -0.545065
0.599413 -0.547301
0.595388 -0.549536
0.591366 -0.55177
0.587347 -0.554004
0.583331 -0.556238
0.579318 -0.558472
0.575308 -0.560705
0.571302 -0.562939
0.5673 -0.565174
0.563301 -0.567409
0.559306 -0.569644
0.555315 -0.571881
0.551328 -0.574118
0.547345 -0.576357
0.543366 -0.578597
0.539392 -0.580838
0.535423 -0.583082
0.531458 -0.585326
0.527498 -0.587573
0.523543 -0.589822
0.519593 -0.592074
0.515649 -0.594327
0.511709 -0.596583
0.507775 -0.598842
0.503847 -0.601104
0.499924 -0.603369
0.496007 -0.605637
0.492096 -0.607908
0.488191 -0.610183
0.484292 -0.612462
0.480399 -0.614744
0.476513 -0.61703
0.472633 -0.619321
0.46876 -0.621615
0.464894 -0.623914
0.461034 -0.626218
0.457182 -0.628526
0.453337 -0.63084
0.449499 -0.633158
0.445668 -0.635482
0.441845 -0.63781
0.43803 -0.640145
0.434222 -0.642485
0.430422 -0.644831
0.42663 -0.647183
0.422847 -0.649541
0.419071 -0.651905
0.415304 -0.654276
0.411546 -0.656653
0.407796 -0.659037
0.404055 -0.661428
0.400322 -0.663826
0.396599 -0.666231
0.392885 -0.668644
0.38918 -0.671064
0.385484 -0.673492
0.381798 -0.675928
0.378121 -0.678371
0.374454 -0.680823
0.370797 -0.683283
0.36715 -0.685752
0.363513 -0.688229
0.359886 -0.690715
0.35627 -0.69321
0.352664 -0.695714
0.349068 -0.698227
0.345483 -0.70075
0.341909 -0.703282
0.338346 -0.705824
0.334795 -0.708375
0.331254 -0.710937
0.327724 -0.713509
0.324206 -0.716091
0.3207 -0.718684
0.317205 -0.721287
0.313722 -0.723901
0.310251 -0.726526
0.306792 -0.729162
0.303346 -0.731809
0.299911 -0.734468
0.296489 -0.737138
0.293079 -0.73982
0.289682 -0.742514
0.286298 -0.74522
0.282927 -0.747938
0.279569 -0.750669
0.276224 -0.753411
0.272892 -0.756167
0.269574 -0.758935
0.266269 -0.761717
0.262978 -0.764511
0.259701 -0.767319
0.256437 -0.77014
0.253188 -0.772974
0.249952 -0.775823
0.246731 -0.778685
0.243524 -0.781561
0.240332 -0.784452
0.237154 -0.787357
0.233992 -0.790276
0.230844 -0.79321
0.227711 -0.796159
0.224593 -0.799123
0.22149 -0.802102
0.218403 -0.805096
0.215331 -0.808105
0.212275 -0.811131
0.209234 -0.814172
0.20621 -0.817228
0.203201 -0.820301
0.200208 -0.82339
0.197232 -0.826496
0.194272 -0.829618
0.191328 -0.832757
0.188402 -0.835912
0.185491 -0.839085
0.182598 -0.842274
0.179721 -0.845481
0.176862 -0.848706
0.17402 -0.851948
0.171195 -0.855207
0.168388 -0.858485
0.165598 -0.861781
0.162826 -0.865095
0.160071 -0.868427
0.157335 -0.871778
0.154617 -0.875147
0.151916 -0.878536
0.149235 -0.881943
0.146571 -0.88537
0.143926 -0.888816
0.1413 -0.892281
0.138693 -0.895766
0.136104 -0.899271
0.133535 -0.902795
0.130985 -0.90634
0.128454 -0.909905
0.125942 -0.91349
0.12345 -0.917096
0.120977 -0.920723
0.118525 -0.92437
0.116091 -0.928037
0.113676 -0.931724
0.111279 -0.935431
0.108901 -0.939157
0.10654 -0.942901
0.104197 -0.946664
0.101871 -0.950445
0.0995623 -0.954244
0.0972697 -0.95806
0.0949932 -0.961893
0.0927324 -0.965743
0.0904872 -0.969609
0.088257 -0.973491
0.0860417 -0.977389
0.0838408 -0.981302
0.081654 -0.985229
0.0794809 -0.989171
0.0773214 -0.993128
0.0751749 -0.997098
0.0730412 -1.00108
0.0709199 -1.00508
0.0688107 -1.00909
0.0667133 -1.01311
0.0646273 -1.01714
0.0625524 -1.02119
0.0604883 -1.02525
0.0584346 -1.02931
0.0563909 -1.03339
0.054357 -1.03748
0.0523325 -1.04158
0.0503171 -1.04569
0.0483104 -1.04981
0.0463122 -1.05393
0.0443219 -1.05807
0.0423395 -1.06221
0.0403644 -1.06636
0.0383963 -1.07052
0.036435 -1.07468
0.0344801 -1.07886
0.0325312 -1.08304
0.030588 -1.08722
0.0286502 -1.09141
0.0267175 -1.09561
0.0247894 -1.09981
0.0228657 -1.10401
0.0209461 -1.10822
0.0190301 -1.11243
0.0171176 -1.11665
0.015208 -1.12087
0.0133011 -1.12509
0.0113966 -1.12932
0.00949407 -1.13354
0.00759324 -1.13777
0.00569375 -1.142
0.00379528 -1.14624
0.00189747 -1.15047
6.39488e-14 -1.1547
4.16334e-17 -1.1547
-0.00189747 -1.15047
-0.00379528 -1.14624
-0.00569375 -1.142
-0.00759324 -1.13777
-0.00949407 -1.13354
-0.0113966 -1.12932
-0.0133011 -1.12509
-0.015208 -1.12087
-0.0171176 -1.11665
-0.0190301 -1.11243
-0.0209461 -1.10822
-0.0228657 -1.10401
-0.0247894 -1.09981
-0.0267175 -1.09561
-0.0286502 -1.09141
-0.030588 -1.08722
-0.0325312 -1.08304
-0.0344801 -1.07886
-0.036435 -1.07468
-0.0383963 -1.07052
-0.0403644 -1.06636
-0.0423395 -1.06221
-0.0443219 -1.05807
-0.0463122 -1.05393
-0.0483104 -1.04981
-0.0503171 -1.04569
-0.0523325 -1.04158
-0.054357 -1.03748
-0.0563909 -1.03339
-0.0584346 -1.02931
-0.0604883 -1.02525
-0.0625524 -1.02119
-0.0646273 -1.01714
-0.0667133 -1.01311
-0.0688107 -1.00909
-0.0709199 -1.00508
-0.0730412 -1.00108
-0.0751749 -0.997098
-0.0773214 -0.993128
-0.0794809 -0.989171
-0.081654 -0.985229
-0.0838408 -0.981302
-0.0860417 -0.977389
-0.088257 -0.973491
-0.0904872 -0.969609
-0.0927324 -0.965743
-0.0949932 -0.961893
-0.0972697 -0.95806
-0.0995623 -0.954244
-0.101871 -0.950445
-0.104197 -0.946664
-0.10654 -0.942901
-0.108901 -0.939157
-0.111279 -0.935431
-0.113676 -0.931724
-0.116091 -0.928037
-0.118525 -0.92437
-0.120977 -0.920723
-0.12345 -0.917096
-0.125942 -0.91349
-0.128454 -0.909905
-0.130985 -0.90634
-0.133535 -0.902795
-0.136104 -0.899271
-0.138693 -0.895766
-0.1413 -0.892281
-0.143926 -0.888816
-0.146571 -0.88537
-0.149235 -0.881943
-0.151916 -0.878536
-0.154617 -0.875147
-0.157335 -0.871778
-0.160071 -0.868427
-0.162826 -0.865095
-0.165598 -0.861781
-0.168388 -0.858485
-0.171195 -0.855207
-0.17402 -0.851948
-0.176862 -0.848706
-0.179721 -0.845481
-0.182598 -0.842274
-0.185491 -0.839085
-0.188402 -0.835912
-0.191328 -0.832757
-0.194272 -0.829618
-0.197232 -0.826496
-0.200208 -0.82339
-0.203201 -0.820301
-0.20621 -0.817228
-0.209234 -0.814172
-0.212275 -0.811131
-0.215331 -0.808105
-0.218403 -0.805096
-0.22149 -0.802102
-0.224593 -0.799123
-0.227711 -0.796159
-0.230844 -0.79321
-0.233992 -0.790276
-0.237154 -0.787357
-0.240332 -0.784452
-0.243524 -0.781561
-0.246731 -0.778685
-0.249952 -0.775823
-0.253188 -0.772974
-0.256437 -0.77014
-0.259701 -0.767319
-0.262978 -0.764511
-0.266269 -0.761717
-0.269574 -0.758935
-0.272892 -0.756167
-0.276224 -0.753411
-0.279569 -0.750669
-0.282927 -0.747938
-0.286298 -0.74522
-0.289682 -0.742514
-0.293079 -0.73982
-0.296489 -0.737138
-0.299911 -0.734468
-0.303346 -0.731809
-0.306792 -0.729162
-0.310251 -0.726526
-0.313722 -0.723901
-0.317205 -0.721287
-0.3207 -0.718684
-0.324206 -0.716091
-0.327724 -0.713509
-0.331254 -0.710937
-0.334795 -0.708375
-0.338346 -0.705824
-0.341909 -0.703282
-0.345483 -0.70075
-0.349068 -0.698227
-0.352664 -0.695714
-0.35627 -0.69321
-0.359886 -0.690715
-0.363513 -0.688229
-0.36715 -0.685752
-0.370797 -0.683283
-0.374454 -0.680823
-0.378121 -0.678371
-0.381798 -0.675928
-0.385484 -0.673492
-0.38918 -0.671064
-0.392885 -0.668644
-0.396599 -0.666231
-0.400322 -0.663826
-0.404055 -0.661428
-0.407796 -0.659037
-0.411546 -0.656653
-0.415304 -0.654276
-0.419071 -0.651905
-0.422847 -0.649541
-0.42663 -0.647183
-0.430422 -0.644831
-0.434222 -0.642485
-0.43803 -0.640145
-0.441845 -0.63781
-0.445668 -0.635482
-0.449499 -0.633158
-0.453337 -0.63084
-0.457182 -0.628526
-0.461034 -0.626218
-0.464894 -0.623914
-0.46876 -0.621615
-0.472633 -0.619321
-0.476513 -0.61703
-0.480399 -0.614744
-0.484292 -0.612462
-0.488191 -0.610183
-0.492096 -0.607908
-0.496007 -0.605637
-0.499924 -0.603369
-0.503847 -0.601104
-0.507775 -0.598842
-0.511709 -0.596583
-0.515649 -0.594327
-0.519593 -0.592074
-0.523543 -0.589822
-0.527498 -0.587573
-0.531458 -0.585326
-0.535423 -0.583082
-0.539392 -0.580838
-0.543366 -0.578597
-0.547345 -0.576357
-0.551328 -0.574118
-0.555315 -0.571881
-0.559306 -0.569644
-0.563301 -0.567409
-0.5673 -0.565174
-0.571302 -0.562939
-0.575308 -0.560705
-0.579318 -0.558472
-0.583331 -0.556238
-0.587347 -0.554004
-0.591366 -0.55177
-0.595388 -0.549536
-0.599413 -0.547301
-0.603441 -0.545065
-0.607471 -0.542829
-0.611504 -0.540592
-0.615539 -0.538353
-0.619577 -0.536113
-0.623616 -0.533872
-0.627658 -0.531629
-0.631701 -0.529384
-0.635747 -0.527137
-0.639793 -0.524889
-0.643842 -0.522638
-0.647891 -0.520384
-0.651942 -0.518128
-0.655994 -0.51587
-0.660047 -0.513608
-0.664101 -0.511344
-0.668156 -0.509076
-0.672211 -0.506805
-0.676267 -0.50453
-0.680323 -0.502252
-0.68438 -0.49997
-0.688437 -0.497684
-0.692493 -0.495394
-0.69655 -0.4931
-0.700606 -0.490802
-0.704662 -0.488498
-0.708718 -0.48619
-0.712773 -0.483878
-0.716827 -0.48156
-0.720881 -0.479237
-0.724933 -0.476908
-0.728985 -0.474575
-0.733035 -0.472235
-0.737084 -0.46989
-0.741131 -0.467538
-0.745177 -0.465181
-0.749221 -0.462817
-0.753264 -0.460447
-0.757304 -0.458071
-0.761343 -0.455687
-0.765379 -0.453297
-0.769413 -0.4509
-0.773444 -0.448495
-0.777473 -0.446083
-0.781499 -0.443664
-0.785523 -0.441237
-0.789543 -0.438802
-0.793561 -0.436359
-0.797575 -0.433908
-0.801586 -0.431448
-0.805594 -0.428981
-0.809598 -0.426504
-0.813599 -0.424019
-0.817595 -0.421525
-0.821588 -0.419022
-0.825577 -0.41651
-0.829562 -0.413988
-0.833542 -0.411457
-0.837518 -0.408916
-0.841489 -0.406365
-0.845456 -0.403805
-0.849418 -0.401234
-0.853376 -0.398653
-0.857328 -0.396061
-0.861275 -0.393459
-0.865217 -0.390846
-0.869153 -0.388222
-0.873084 -0.385587
-0.87701 -0.382941
-0.880929 -0.380283
-0.884843 -0.377614
-0.888751 -0.374933
-0.892652 -0.372241
-0.896548 -0.369536
-0.900437 -0.366819
-0.904319 -0.36409
-0.908195 -0.361348
-0.912065 -0.358594
-0.915927 -0.355827
-0.919783 -0.353047
-0.923631 -0.350254
-0.927472 -0.347447
-0.931306 -0.344628
-0.935133 -0.341794
-0.938951 -0.338947
-0.942763 -0.336086
-0.946566 -0.333211
-0.950361 -0.330322
-0.954148 -0.327419
-0.957928 -0.324501
-0.961698 -0.321568
-0.965461 -0.318621
-0.969214 -0.315659
-0.97296 -0.312681
-0.976696 -0.309688
-0.980423 -0.30668
-0.984142 -0.303657
-0.987851 -0.300617
-0.991551 -0.297562
-0.995241 -0.294491
-0.998922 -0.291403
-1.00259 -0.288299
-1.00625 -0.285179
-1.00991 -0.282042
-1.01355 -0.278888
-1.01718 -0.275717
-1.0208 -0.272529
-1.02441 -0.269324
-1.02801 -0.266101
-1.0316 -0.262861
-1.03518 -0.259603
-1.03875 -0.256327
-1.0423 -0.253033
-1.04585 -0.249721
-1.04938 -0.24639
-1.05291 -0.243041
-1.05642 -0.239674
-1.05992 -0.236287
-1.06341 -0.232882
-1.06688 -0.229457
-1.07035 -0.226013
-1.0738 -0.22255
-1.07724 -0.219067
-1.08067 -0.215564
-1.08408 -0.212041
-1.08748 -0.208498
-1.09087 -0.204935
-1.09425 -0.201352
-1.09762 -0.197748
-1.10097 -0.194123
-1.1043 -0.190478
-1.10763 -0.186811
-1.11094 -0.183124
-1.11424 -0.179415
-1.11752 -0.175685
-1.12079 -0.171934
-1.12405 -0.168162
-1.12729 -0.164369
-1.13052 -0.160556
-1.13373 -0.156722
-1.13693 -0.152868
-1.14012 -0.148994
-1.1433 -0.145099
-1.14646 -0.141185
-1.1496 -0.137251
-1.15273 -0.133297
-1.15585 -0.129323
-1.15896 -0.12533
-1.16205 -0.121318
-1.16512 -0.117286
-1.16819 -0.113236
-1.17124 -0.109166
-1.17427 -0.105078
-1.17729 -0.100971
-1.1803 -0.0968451
-1.18329 -0.0927012
-1.18627 -0.088539
-1.18923 -0.0843586
-1.19218 -0.0801602
-1.19511 -0.0759439
-1.19804 -0.0717099
-1.20094 -0.0674582
-1.20383 -0.0631891
-1.20671 -0.0589026
-1.20958 -0.0545988
-1.21243 -0.050278
-1.21526 -0.0459401
-1.21808 -0.0415855
-1.22089 -0.0372141
-1.22368 -0.0328261
-1.22645 -0.0284217
-1.22922 -0.0240009
-1.23196 -0.019564
-1.2347 -0.015111
-1.23742 -0.0106421
-1.24012 -0.00615736
-1.24281 -0.00165696
-1.24548 0.00285897
-1.24814 0.00739031
-1.25079 0.0119369
-1.25342 0.0164987
-1.25603 0.0210755
-1.25863 0.0256672
-1.26122 0.0302736
-1.26379 0.0348946
-1.26634 0.0395302
-1.26888 0.0441801
-1.27141 0.0488443
-1.27392 0.0535225
-1.27642 0.0582148
-1.2789 0.0629208
-1.28136 0.0676406
-1.28381 0.072374
-1.28625 0.0771208
-1.28867 0.081881
-1.29107 0.0866543
-1.29346 0.0914407
-1.29584 0.0962401
-1.2982 0.101052
-1.30054 0.105877
-1.30287 0.110714
-1.30518 0.115564
-1.30748 0.120426
-1.30976 0.1253
-1.31203 0.130187
-1.31428 0.135085
-1.31652 0.139994
-1.31874 0.144916
-1.32095 0.149849
-1.32314 0.154793
-1.32531 0.159749
-1.32747 0.164715
-1.32961 0.169693
-1.33174 0.174682
-1.33385 0.179681
-1.33595 0.184691
-1.33803 0.189711
-1.34009 0.194741
-1.34214 0.199782
-1.34417 0.204833
-1.34619 0.209894
-1.34819 0.214964
-1.35018 0.220045
-1.35215 0.225134
-1.3541 0.230234
-1.35604 0.235342
-1.35796 0.24046
-1.35987 0.245586
-1.36176 0.250722
-1.36363 0.255866
-1.36549 0.261019
-1.36733 0.26618
-1.36915 0.27135
-1.37096 0.276528
-1.37276 0.281714
-1.37453 0.286908
-1.37629 0.29211
-1.37804 0.29732
-1.37977 0.302537
-1.38148 0.307762
-1.38317 0.312994
-1.38485 0.318233
-1.38651 0.323479
-1.38816 0.328733
-1.38979 0.333993
-1.3914 0.339259
-1.393 0.344532
-1.39458 0.349812
-1.39614 0.355098
-1.39769 0.36039
-1.39922 0.365688
-1.40073 0.370992
-1.40223 0.376302
-1.40371 0.381617
-1.40518 0.386938
-1.40662 0.392264
-1.40805 0.397596
-1.40947 0.402932
-1.41086 0.408274
-1.41224 0.41362
-1.41361 0.418971
-1.41495 0.424327
-1.41628 0.429687
-1.41759 0.435052
-1.41889 0.44042
-1.42017 0.445793
-1.42143 0.45117
-1.42267 0.45655
-1.4239 0.461934
-1.42511 0.467322
-1.4263 0.472713
-1.42748 0.478107
-1.42864 0.483505
-1.42978 0.488905
-1.43091 0.494309
-1.43201 0.499715
-1.4331 0.505124
-1.43417 0.510535
-1.43523 0.515949
-1.43627 0.521365
-1.43729 0.526783
-1.43829 0.532203
-1.43928 0.537625
-1.44025 0.543048
-1.4412 0.548473
-1.44213 0.5539
-1.44305 0.559328
-1.44394 0.564757
-1.44482 0.570187
-1.44569 0.575619
-1.44653 0.58105
-1.44736 0.586483
-1.44817 0.591916
-1.44896 0.59735
-1.44974 0.602784
-1.45049 0.608218
-1.45123 0.613652
-1.45195 0.619086
-1.45266 0.624519
-1.45334 0.629953
-1.45401 0.635385
-1.45466 0.640818
-1.45529 0.646249
-1.45591 0.65168
-1.4565 0.657109
-1.45708 0.662537
-1.45764 0.667964
-1.45818 0.67339
-1.4587 0.678814
-1.45921 0.684237
-1.4597 0.689657
-1.46017 0.695076
-1.46062 0.700493
-1.46105 0.705907
-1.46146 0.711319
-1.46186 0.716729
-1.46224 0.722136
-1.4626 0.72754
-1.46294 0.732942
-1.46326 0.73834
-1.46357 0.743736
-1.46385 0.749128
-1.46412 0.754517
-1.46437 0.759902
-1.4646 0.765284
-1.46481 0.770662
-1.465 0.776036
-1.46518 0.781406
-1.46534 0.786771
-1.46547 0.792133
-1.46559 0.79749
-1.46569 0.802843
-1.46577 0.808191
-1.46584 0.813534
-1.46588 0.818872
-1.46591 0.824205
-1.46591 0.829533
-1.4659 0.834856
-1.46587 0.840173
-1.46582 0.845485
-1.46575 0.85079
-1.46566 0.856091
-1.46555 0.861385
-1.46543 0.866673
-1.46528 0.871954
-1.46512 0.87723
-1.46493 0.882498
-1.46473 0.887761
-1.46451 0.893016
-1.46427 0.898265
-1.46401 0.903506
-1.46373 0.90874
-1.46343 0.913968
-1.46312 0.919187
-1.46278 0.924399
-1.46242 0.929604
-1.46205 0.934801
-1.46165 0.939989
-1.46124 0.94517
-1.46081 0.950342
-1.46035 0.955507
-1.45988 0.960662
-1.45939 0.965809
-1.45888 0.970948
-1.45835 0.976077
-1.45779 0.981198
-1.45722 0.986309
-1.45663 0.991412
-1.45603 0.996505
-1.4554 1.00159
-1.45475 1.00666
-1.45408 1.01173
-1.45339 1.01678
-1.45268 1.02182
-1.45195 1.02686
-1.45121 1.03188
-1.45044 1.03689
-1.44965 1.0419
-1.44884 1.04689
-1.44802 1.05187
-1.44717 1.05684
-1.4463 1.0618
-1.44542 1.06675
-1.44451 1.07168
-1.44358 1.07661
-1.44263 1.08152
-1.44167 1.08643
-1.44068 1.09132
-1.43967 1.09619
-1.43864 1.10106
-1.43759 1.10591
-1.43653 1.11076
-1.43544 1.11558
-1.43433 1.1204
-1.4332 1.1252
-1.43205 1.12999
-1.43088 1.13477
-1.42969 1.13954
-1.42848 1.14429
-1.42725 1.14903
-1.42599 1.15375
-1.42472 1.15846
-1.42343 1.16316
-1.42212 1.16784
-1.42078 1.17251
-1.41943 1.17716
-1.41805 1.1818
-1.41666 1.18643
-1.41524 1.19104
-1.4138 1.19564
-1.41235 1.20022
-1.41087 1.20479
-1.40937 1.20934
-1.40785 1.21387
-1.40631 1.21839
-1.40474 1.2229
-1.40316 1.22739
-1.40156 1.23186
-1.39993 1.23632
-1.39829 1.24076
-1.39662 1.24519
-1.39493 1.2496
-1.39322 1.25399
-1.39149 1.25837
-1.38974 1.26273
-1.38797 1.26707
-1.38618 1.2714
-1.38436 1.27571
-1.38253 1.28
-1.38067 1.28428
-1.37879 1.28853
-1.3769 1.29277
-1.37497 1.297
-1.37303 1.3012
-1.37107 1.30539
-1.36909 1.30955
-1.36708 1.3137
-1.36505 1.31784
-1.363 1.32195
-1.36093 1.32604
-1.35884 1.33012
-1.35673 1.33418
-1.35459 1.33821
-1.35244 1.34223
-1.35026 1.34623
-1.34806 1.35021
-1.34584 1.35417
-1.34359 1.35811
-1.34133 1.36203
-1.33904 1.36594
-1.33673 1.36982
-1.3344 1.37368
-1.33205 1.37752
-1.32968 1.38134
-1.32728 1.38514
-1.32487 1.38892
-1.32243 1.39267
-1.31996 1.39641
-1.31748 1.40013
-1.31498 1.40382
-1.31245 1.40749
-1.3099 1.41115
-1.30733 1.41478
-1.30473 1.41838
-1.30212 1.42197
-1.29948 1.42553
-1.29682 1.42908
-1.29414 1.4326
-1.29143 1.43609
-1.28871 1.43957
-1.28596 1.44302
-1.28319 1.44645
-1.28039 1.44986
-1.27758 1.45324
-1.27474 1.4566
-1.27188 1.45994
-1.269 1.46325
-1.26609 1.46654
-1.26316 1.46981
-1.26021 1.47305
-1.25724 1.47627
-1.25424 1.47946
-1.25122 1.48264
-1.24818 1.48578
-1.24512 1.4889
-1.24203 1.492
-1.23892 1.49507
-1.23579 1.49812
-1.23264 1.50114
-1.22946 1.50414
-1.22626 1.50711
-1.22304 1.51005
-1.21979 1.51298
-1.21652 1.51587
-1.21323 1.51874
-1.20992 1.52158
-1.20658 1.5244
-1.20322 1.52719
-1.19984 1.52996
-1.19643 1.53269
-1.193 1.53541
-1.18955 1.53809
-1.18607 1.54075
-1.18257 1.54338
-1.17905 1.54598
-1.17551 1.54856
-1.17194 1.55111
-1.16835 1.55363
-1.16473 1.55613
-1.1611 1.55859
-1.15743 1.56103
-1.15375 1.56344
-1.15004 1.56582
-1.14631 1.56818
-1.14255 1.57051
-1.13878 1.5728
-1.13497 1.57507
-1.13115 1.57731
-1.1273 1.57952
-1.12343 1.5817
-1.11953 1.58386
-1.11561 1.58598
-1.11167 1.58807
-1.1077 1.59014
-1.10371 1.59217
-1.0997 1.59418
-1.09566 1.59615
-1.0916 1.5981
-1.08752 1.60002
-1.08342 1.6019
-1.07929 1.60376
-1.07515 1.60559
-1.07098 1.60739
-1.06679 1.60916
-1.06258 1.6109
-1.05835 1.61261
-1.0541 1.6143
-1.04982 1.61595
-1.04553 1.61757
-1.04122 1.61917
-1.03689 1.62073
-1.03254 1.62227
-1.02817 1.62378
-1.02379 1.62526
-1.01938 1.62671
-1.01496 1.62813
-1.01052 1.62953
-1.00606 1.63089
-1.00159 1.63223
-0.997093 1.63353
-0.992584 1.63481
-0.988059 1.63606
-0.983517 1.63728
-0.97896 1.63847
-0.974386 1.63964
-0.969798 1.64077
-0.965194 1.64188
-0.960576 1.64296
-0.955943 1.64401
-0.951295 1.64503
-0.946633 1.64603
-0.941958 1.64699
-0.937269 1.64793
-0.932567 1.64884
-0.927851 1.64972
-0.923123 1.65058
-0.918383 1.6514
-0.91363 1.6522
-0.908865 1.65297
-0.904088 1.65371
-0.8993 1.65442
-0.8945 1.65511
-0.88969 1.65577
-0.884869 1.6564
-0.880037 1.657
-0.875196 1.65757
-0.870344 1.65812
-0.865483 1.65864
-0.860612 1.65913
-0.855732 1.6596
-0.850844 1.66003
-0.845946 1.66044
-0.841041 1.66082
-0.836127 1.66118
-0.831205 1.66151
-0.826276 1.6618
-0.821339 1.66208
-0.816396 1.66232
-0.811445 1.66254
-0.806488 1.66273
-0.801525 1.66289
-0.796556 1.66303
-0.791581 1.66314
-0.7866 1.66322
-0.781615 1.66328
-0.776624 1.66331
-0.771629 1.66331
-0.766629 1.66328
-0.761625 1.66323
-0.756617 1.66315
-0.751605 1.66304
-0.74659 1.66291
-0.741572 1.66275
-0.736551 1.66257
-0.731527 1.66235
-0.726501 1.66211
-0.721473 1.66185
-0.716442 1.66156
-0.711411 1.66124
-0.706378 1.66089
-0.701344 1.66052
-0.696309 1.66012
-0.691273 1.6597
-0.686238 1.65925
-0.681202 1.65877
-0.676167 1.65827
-0.671132 1.65774
-0.666097 1.65718
-0.661064 1.6566
-0.656032 1.65599
-0.651002 1.65536
-0.645973 1.6547
-0.640947 1.65401
-0.635922 1.6533
-0.630901 1.65256
-0.625882 1.6518
-0.620866 1.65101
-0.615854 1.6502
-0.610845 1.64935
-0.60584 1.64849
-0.600839 1.6476
-0.595843 1.64668
-0.590851 1.64573
-0.585865 1.64477
-0.580883 1.64377
-0.575907 1.64275
-0.570937 1.64171
-0.565972 1.64063
-0.561014 1.63954
-0.556062 1.63842
-0.551117 1.63727
-0.546179 1.6361
-0.541249 1.6349
-0.536326 1.63368
-0.53141 1.63243
-0.526503 1.63116
-0.521604 1.62986
-0.516713 1.62854
-0.511832 1.62719
-0.506959 1.62582
-0.502096 1.62442
-0.497242 1.62299
-0.492399 1.62155
-0.487565 1.62007
-0.482742 1.61858
-0.47793 1.61705
-0.473128 1.61551
-0.468338 1.61394
-0.463559 1.61234
-0.458791 1.61072
-0.454036 1.60908
-0.449293 1.60741
-0.444562 1.60571
-0.439844 1.60399
-0.435139 1.60225
-0.430448 1.60048
-0.425769 1.59869
-0.421105 1.59687
-0.416455 1.59503
-0.411819 1.59317
-0.407197 1.59128
-0.402591 1.58937
-0.397999 1.58743
-0.393423 1.58547
-0.388862 1.58348
-0.384318 1.58147
-0.379789 1.57944
-0.375277 1.57738
-0.370781 1.5753
-0.366302 1.5732
-0.361841 1.57107
-0.357397 1.56892
-0.35297 1.56674
-0.348562 1.56454
-0.344172 1.56232
-0.3398 1.56007
-0.335447 1.5578
-0.331113 1.5555
-0.326798 1.55319
-0.322503 1.55085
-0.318227 1.54848
-0.313972 1.54609
-0.309736 1.54368
-0.305522 1.54125
-0.301328 1.53879
-0.297155 1.53631
-0.293004 1.5338
-0.288874 1.53127
-0.284766 1.52872
-0.28068 1.52615
-0.276617 1.52355
-0.272576 1.52093
-0.268558 1.51829
-0.264563 1.51562
-0.260591 1.51293
-0.256644 1.51022
-0.25272 1.50748
-0.24882 1.50472
-0.244945 1.50194
-0.241095 1.49914
-0.237269 1.49631
-0.233469 1.49347
-0.229695 1.49059
-0.225946 1.4877
-0.222223 1.48478
-0.218526 1.48184
-0.214856 1.47888
-0.211213 1.4759
-0.207596 1.47289
-0.204008 1.46986
-0.200446 1.46681
-0.196913 1.46374
-0.193407 1.46064
-0.189931 1.45752
-0.186482 1.45438
-0.183063 1.45122
-0.179672 1.44804
-0.176311 1.44483
-0.17298 1.4416
-0.169679 1.43835
-0.166408 1.43508
-0.163167 1.43178
-0.159957 1.42846
-0.156778 1.42513
-0.15363 1.42177
-0.150514 1.41838
-0.14743 1.41498
-0.144377 1.41155
-0.141357 1.40811
-0.138369 1.40464
-0.135414 1.40115
-0.132492 1.39764
-0.129604 1.3941
-0.126749 1.39055
-0.123928 1.38697
-0.121141 1.38337
-0.118387 1.37975
-0.115668 1.37611
-0.112981 1.37245
-0.110326 1.36877
-0.107702 1.36507
-0.10511 1.36135
-0.102548 1.35761
-0.100016 1.35386
-0.0975126 1.35008
-0.095038 1.34629
-0.0925915 1.34248
-0.0901723 1.33865
-0.08778 1.3348
-0.0854138 1.33094
-0.0830732 1.32707
-0.0807576 1.32317
-0.0784665 1.31926
-0.0761991 1.31534
-0.073955 1.3114
-0.0717334 1.30745
-0.0695339 1.30349
-0.0673559 1.29951
-0.0651987 1.29552
-0.0630617 1.29151
-0.0609443 1.2875
-0.0588461 1.28347
-0.0567662 1.27943
-0.0547043 1.27537
-0.0526596 1.27131
-0.0506315 1.26724
-0.0486195 1.26316
-0.0466231 1.25907
-0.0446415 1.25496
-0.0426741 1.25085
-0.0407205 1.24673
-0.03878 1.24261
-0.036852 1.23847
-0.0349358 1.23433
-0.033031 1.23018
-0.0311369 1.22602
-0.029253 1.22186
-0.0273785 1.21769
-0.025513 1.21352
-0.0236558 1.20934
-0.0218064 1.20515
-0.0199641 1.20096
-0.0181283 1.19677
-0.0162985 1.19258
-0.0144741 1.18838
-0.0126544 1.18417
-0.0108389 1.17997
-0.00902695 1.17576
-0.00721799 1.17155
-0.00541141 1.16734
-0.00360661 1.16313
-0.00180301 1.15891
-1.42109e-14 1.1547
