1.47451e-17 1.1547
0.000621351 1.1598
0.00124986 1.1649
0.00189269 1.16999
0.00255699 1.17507
0.00324993 1.18015
0.00397866 1.18521
0.00475035 1.19027
0.00557214 1.1953
0.00645121 1.20032
0.0073947 1.20531
0.00840978 1.21028
0.0095036 1.21523
0.0106833 1.22015
0.0119561 1.22503
0.0133291 1.22989
0.0148095 1.23471
0.0164045 1.2395
0.0181211 1.24424
0.0199662 1.24894
0.0219379 1.2536
0.0240266 1.25822
0.0262223 1.2628
0.0285148 1.26734
0.0308943 1.27183
0.0333506 1.27629
0.0358737 1.28071
0.038456 1.28509
0.0410959 1.28944
0.0437925 1.29374
0.0465451 1.29801
0.049353 1.30224
0.0522153 1.30643
0.0551314 1.31058
0.0581004 1.3147
0.0611216 1.31877
0.0641943 1.32281
0.0673176 1.3268
0.0704906 1.33076
0.073712 1.33468
0.0769805 1.33857
0.0802947 1.34241
0.0836532 1.34622
0.0870549 1.34999
0.0904983 1.35372
0.0939821 1.35742
0.097505 1.36108
0.101066 1.3647
0.104663 1.36829
0.108295 1.37185
0.111961 1.37537
0.115659 1.37886
0.119389 1.38231
0.123148 1.38573
0.126936 1.38911
0.130753 1.39247
0.134596 1.39579
0.138467 1.39908
0.142365 1.40234
0.146288 1.40556
0.150237 1.40875
0.15421 1.41192
0.158209 1.41505
0.162231 1.41815
0.166276 1.42122
0.170345 1.42426
0.174435 1.42727
0.178548 1.43026
0.182682 1.43321
0.186836 1.43613
0.191011 1.43903
0.195206 1.44189
0.19942 1.44473
0.203652 1.44754
0.207903 1.45033
0.212171 1.45308
0.216457 1.45581
0.220759 1.45852
0.225077 1.46119
0.229411 1.46384
0.23376 1.46647
0.238124 1.46906
0.242503 1.47164
0.246897 1.47418
0.251306 1.4767
0.255729 1.4792
0.260166 1.48167
0.264617 1.48411
0.269081 1.48654
0.27356 1.48893
0.278051 1.4913
0.282556 1.49365
0.287073 1.49597
0.291604 1.49827
0.296146 1.50054
0.300702 1.50279
0.305269 1.50502
0.309848 1.50722
0.314438 1.50939
0.319041 1.51155
0.323654 1.51368
0.328279 1.51579
0.332914 1.51787
0.33756 1.51993
0.342217 1.52197
0.346883 1.52399
0.35156 1.52598
0.356247 1.52795
0.360943 1.5299
0.365649 1.53182
0.370364 1.53373
0.375088 1.53561
0.37982 1.53747
0.384562 1.53931
0.389311 1.54113
0.394069 1.54292
0.398835 1.5447
0.403609 1.54645
0.40839 1.54818
0.413179 1.54989
0.417975 1.55158
0.422779 1.55325
0.427589 1.5549
0.432407 1.55652
0.437231 1.55813
0.442063 1.55971
0.446901 1.56128
0.451746 1.56282
0.456598 1.56434
0.461456 1.56585
0.466321 1.56733
0.471191 1.56879
0.476068 1.57023
0.480952 1.57164
0.485841 1.57304
0.490736 1.57442
0.495637 1.57578
0.500543 1.57711
0.505455 1.57843
0.510373 1.57973
0.515296 1.581
0.520225 1.58226
0.525158 1.58349
0.530097 1.5847
0.535041 1.5859
0.53999 1.58707
0.544943 1.58822
0.549901 1.58935
0.554864 1.59047
0.559832 1.59156
0.564804 1.59263
0.56978 1.59368
0.574761 1.59471
0.579745 1.59572
0.584734 1.59671
0.589727 1.59768
0.594723 1.59864
0.599723 1.59957
0.604727 1.60048
0.609735 1.60137
0.614746 1.60224
0.61976 1.60309
0.624778 1.60392
0.629798 1.60473
0.634822 1.60552
0.639849 1.60629
0.644879 1.60704
0.649911 1.60778
0.654946 1.60849
0.659984 1.60918
0.665024 1.60985
0.670067 1.61051
0.675112 1.61114
0.680159 1.61175
0.685208 1.61235
0.690259 1.61292
0.695312 1.61348
0.700367 1.61401
0.705424 1.61453
0.710482 1.61502
0.715542 1.6155
0.720604 1.61596
0.725667 1.61639
0.730731 1.61681
0.735797 1.61721
0.740864 1.61759
0.745932 1.61795
0.751002 1.61828
0.756073 1.6186
0.761145 1.6189
0.766218 1.61918
0.771292 1.61944
0.776366 1.61967
0.781442 1.61989
0.786519 1.62009
0.791596 1.62026
0.796674 1.62042
0.801753 1.62056
0.806832 1.62067
0.811912 1.62077
0.816992 1.62084
0.822073 1.6209
0.827154 1.62093
0.832236 1.62095
0.837317 1.62094
0.842399 1.62091
0.847481 1.62086
0.852563 1.62079
0.857645 1.6207
0.862727 1.62059
0.867809 1.62046
0.872891 1.62031
0.877973 1.62013
0.883054 1.61994
0.888135 1.61972
0.893216 1.61948
0.898296 1.61922
0.903376 1.61894
0.908455 1.61864
0.913534 1.61832
0.918612 1.61798
0.923689 1.61761
0.928766 1.61722
0.933842 1.61682
0.938916 1.61639
0.94399 1.61594
0.949063 1.61546
0.954135 1.61497
0.959205 1.61445
0.964275 1.61391
0.969343 1.61336
0.97441 1.61277
0.979476 1.61217
0.98454 1.61155
0.989603 1.6109
0.994664 1.61023
0.999724 1.60954
1.00478 1.60882
1.00984 1.60809
1.01489 1.60733
1.01995 1.60655
1.025 1.60575
1.03005 1.60492
1.03509 1.60408
1.04014 1.60321
1.04518 1.60232
1.05022 1.6014
1.05526 1.60047
1.0603 1.59951
1.06533 1.59853
1.07036 1.59752
1.07539 1.59649
1.08042 1.59544
1.08545 1.59437
1.09047 1.59328
1.09549 1.59216
1.1005 1.59102
1.10552 1.58985
1.11053 1.58867
1.11554 1.58746
1.12054 1.58622
1.12554 1.58497
1.13054 1.58369
1.13553 1.58238
1.14052 1.58106
1.14551 1.57971
1.15049 1.57833
1.15546 1.57694
1.16043 1.57552
1.1654 1.57407
1.17036 1.5726
1.17531 1.57111
1.18026 1.5696
1.1852 1.56806
1.19013 1.56649
1.19505 1.5649
1.19997 1.56329
1.20488 1.56165
1.20979 1.55999
1.21468 1.55831
1.21957 1.5566
1.22444 1.55486
1.22931 1.5531
1.23417 1.55132
1.23902 1.54951
1.24386 1.54767
1.24869 1.54582
1.25351 1.54393
1.25832 1.54202
1.26311 1.54009
1.2679 1.53813
1.27268 1.53614
1.27744 1.53413
1.28219 1.5321
1.28693 1.53004
1.29166 1.52795
1.29637 1.52584
1.30107 1.5237
1.30576 1.52154
1.31043 1.51935
1.31509 1.51713
1.31974 1.51489
1.32437 1.51262
1.32899 1.51033
1.33359 1.50801
1.33818 1.50566
1.34275 1.50329
1.34731 1.50089
1.35185 1.49846
1.35637 1.49601
1.36088 1.49353
1.36537 1.49102
1.36984 1.48849
1.3743 1.48593
1.37874 1.48334
1.38316 1.48073
1.38756 1.47809
1.39194 1.47542
1.39631 1.47273
1.40066 1.47001
1.40498 1.46726
1.40929 1.46448
1.41358 1.46167
1.41785 1.45884
1.4221 1.45598
1.42633 1.45309
1.43053 1.45018
1.43472 1.44723
1.43888 1.44426
1.44303 1.44126
1.44715 1.43824
1.45125 1.43518
1.45533 1.4321
1.45938 1.42898
1.46341 1.42584
1.46742 1.42267
1.4714 1.41948
1.47536 1.41625
1.4793 1.413
1.48321 1.40971
1.4871 1.4064
1.49097 1.40306
1.49481 1.39969
1.49862 1.39629
1.50241 1.39286
1.50617 1.38941
1.5099 1.38592
1.51361 1.3824
1.5173 1.37886
1.52095 1.37528
1.52458 1.37168
1.52818 1.36804
1.53175 1.36438
1.5353 1.36069
1.53882 1.35697
1.54231 1.35321
1.54577 1.34943
1.5492 1.34562
1.5526 1.34178
1.55597 1.33791
1.55932 1.33401
1.56264 1.33009
1.56592 1.32614
1.56918 1.32216
1.57241 1.31815
1.57561 1.31412
1.57878 1.31006
1.58192 1.30597
1.58503 1.30186
1.58811 1.29773
1.59116 1.29356
1.59418 1.28938
1.59717 1.28517
1.60013 1.28093
1.60306 1.27668
1.60596 1.27239
1.60883 1.26809
1.61167 1.26376
1.61448 1.25941
1.61726 1.25504
1.62001 1.25065
1.62272 1.24623
1.62541 1.24179
1.62806 1.23734
1.63069 1.23286
1.63328 1.22836
1.63584 1.22384
1.63837 1.2193
1.64087 1.21474
1.64334 1.21017
1.64577 1.20557
1.64818 1.20096
1.65055 1.19633
1.65289 1.19168
1.6552 1.18701
1.65747 1.18233
1.65972 1.17763
1.66193 1.17291
1.66411 1.16818
1.66625 1.16343
1.66837 1.15867
1.67045 1.15389
1.6725 1.14909
1.67451 1.14428
1.6765 1.13946
1.67845 1.13462
1.68037 1.12977
1.68225 1.12491
1.6841 1.12003
1.68592 1.11514
1.6877 1.11024
1.68945 1.10533
1.69117 1.1004
1.69285 1.09546
1.6945 1.09052
1.69612 1.08556
1.6977 1.08059
1.69924 1.07561
1.70076 1.07062
1.70224 1.06562
1.70368 1.06061
1.70509 1.0556
1.70647 1.05057
1.70781 1.04554
1.70912 1.0405
1.71039 1.03545
1.71162 1.0304
1.71283 1.02533
1.71399 1.02026
1.71512 1.01519
1.71622 1.01011
1.71728 1.00502
1.71831 0.999926
1.7193 0.994828
1.72025 0.989726
1.72117 0.984619
1.72205 0.979508
1.7229 0.974394
1.72371 0.969276
1.72449 0.964155
1.72523 0.959031
1.72593 0.953905
1.7266 0.948776
1.72723 0.943646
1.72782 0.938514
1.72838 0.933381
1.7289 0.928247
1.72938 0.923112
1.72983 0.917977
1.73024 0.912842
1.73061 0.907708
1.73094 0.902574
1.73124 0.897441
1.7315 0.89231
1.73173 0.88718
1.73191 0.882052
1.73206 0.876927
1.73217 0.871804
1.73225 0.866683
1.73228 0.861566
1.73228 0.856451
1.73225 0.851339
1.73217 0.84623
1.73206 0.841123
1.73192 0.83602
1.73173 0.83092
1.73152 0.825823
1.73126 0.82073
1.73097 0.815639
1.73065 0.810552
1.73029 0.805468
1.7299 0.800388
1.72947 0.795311
1.72901 0.790238
1.72852 0.785169
1.72799 0.780103
1.72742 0.775042
1.72683 0.769984
1.7262 0.76493
1.72554 0.759879
1.72485 0.754833
1.72412 0.749792
1.72336 0.744754
1.72257 0.73972
1.72175 0.734691
1.7209 0.729667
1.72001 0.724646
1.7191 0.71963
1.71815 0.714619
1.71717 0.709613
1.71616 0.704611
1.71513 0.699614
1.71406 0.694621
1.71296 0.689634
1.71184 0.684652
1.71068 0.679674
1.7095 0.674702
1.70828 0.669735
1.70704 0.664773
1.70577 0.659816
1.70447 0.654865
1.70314 0.649919
1.70179 0.644979
1.70041 0.640044
1.699 0.635115
1.69756 0.630191
1.6961 0.625273
1.69461 0.620361
1.69309 0.615455
1.69155 0.610555
1.68998 0.60566
1.68839 0.600772
1.68677 0.59589
1.68513 0.591014
1.68346 0.586145
1.68176 0.581281
1.68004 0.576425
1.6783 0.571574
1.67653 0.56673
1.67474 0.561893
1.67293 0.557062
1.67109 0.552238
1.66922 0.547421
1.66734 0.54261
1.66543 0.537807
1.6635 0.53301
1.66155 0.528221
1.65957 0.523438
1.65757 0.518663
1.65556 0.513895
1.65352 0.509134
1.65145 0.504381
1.64937 0.499635
1.64727 0.494896
1.64514 0.490165
1.643 0.485442
1.64083 0.480726
1.63865 0.476018
1.63644 0.471318
1.63422 0.466626
1.63198 0.461941
1.62971 0.457265
1.62743 0.452597
1.62513 0.447936
1.62281 0.443284
1.62048 0.438641
1.61812 0.434005
1.61575 0.429378
1.61336 0.42476
1.61095 0.42015
1.60853 0.415548
1.60608 0.410955
1.60363 0.406371
1.60115 0.401796
1.59866 0.397229
1.59615 0.392672
1.59363 0.388123
1.59109 0.383583
1.58854 0.379053
1.58597 0.374531
1.58339 0.370019
1.58079 0.365516
1.57818 0.361023
1.57555 0.356539
1.57291 0.352064
1.57025 0.347599
1.56758 0.343144
1.5649 0.338698
1.56221 0.334262
1.5595 0.329836
1.55678 0.325419
1.55405 0.321013
1.5513 0.316616
1.54854 0.31223
1.54578 0.307854
1.543 0.303488
1.5402 0.299132
1.5374 0.294786
1.53459 0.290451
1.53176 0.286126
1.52893 0.281812
1.52608 0.277508
1.52322 0.273214
1.52035 0.26893
1.51747 0.264656
1.51458 0.260393
1.51168 0.256139
1.50877 0.251895
1.50585 0.247662
1.50292 0.243438
1.49998 0.239225
1.49703 0.235021
1.49406 0.230827
1.49109 0.226643
1.48811 0.222468
1.48511 0.218304
1.48211 0.214149
1.4791 0.210003
1.47607 0.205868
1.47304 0.201742
1.47 0.197625
1.46694 0.193518
1.46388 0.18942
1.46081 0.185332
1.45772 0.181253
1.45463 0.177184
1.45153 0.173124
1.44842 0.169073
1.4453 0.165031
1.44216 0.160999
1.43902 0.156976
1.43587 0.152962
1.43271 0.148957
1.42955 0.144961
1.42637 0.140974
1.42318 0.136996
1.41999 0.133027
1.41678 0.129067
1.41357 0.125115
1.41034 0.121173
1.40711 0.117239
1.40387 0.113315
1.40062 0.109398
1.39736 0.105491
1.39409 0.101592
1.39081 0.0977019
1.38753 0.0938203
1.38423 0.0899472
1.38093 0.0860825
1.37762 0.0822264
1.3743 0.0783786
1.37097 0.0745393
1.36763 0.0707083
1.36429 0.0668856
1.36093 0.0630711
1.35757 0.0592649
1.3542 0.0554669
1.35082 0.051677
1.34744 0.0478953
1.34404 0.0441217
1.34064 0.0403561
1.33723 0.0365985
1.33381 0.0328488
1.33038 0.0291071
1.32695 0.0253733
1.3235 0.0216474
1.32005 0.0179293
1.31659 0.0142189
1.31313 0.0105163
1.30966 0.00682147
1.30617 0.00313426
1.30269 -0.00054532
1.29919 -0.0042173
1.29569 -0.00788172
1.29217 -0.0115386
1.28866 -0.015188
1.28513 -0.01883
1.2816 -0.0224646
1.27806 -0.0260917
1.27451 -0.0297116
1.27095 -0.0333241
1.26739 -0.0369294
1.26382 -0.0405275
1.26025 -0.0441184
1.25666 -0.0477021
1.25308 -0.0512787
1.24948 -0.0548483
1.24588 -0.0584108
1.24227 -0.0619663
1.23865 -0.0655149
1.23502 -0.0690565
1.23139 -0.0725913
1.22776 -0.0761192
1.22411 -0.0796403
1.22046 -0.0831546
1.21681 -0.0866621
1.21315 -0.090163
1.20948 -0.0936572
1.2058 -0.0971448
1.20212 -0.100626
1.19843 -0.1041
1.19474 -0.107568
1.19104 -0.11103
1.18733 -0.114485
1.18362 -0.117933
1.1799 -0.121376
1.17618 -0.124812
1.17245 -0.128241
1.16871 -0.131665
1.16497 -0.135082
1.16122 -0.138493
1.15747 -0.141898
1.15371 -0.145296
1.14995 -0.148689
1.14618 -0.152076
1.1424 -0.155457
1.13862 -0.158831
1.13483 -0.1622
1.13104 -0.165563
1.12725 -0.16892
1.12344 -0.172272
1.11964 -0.175617
1.11582 -0.178957
1.112 -0.182291
1.10818 -0.185619
1.10435 -0.188942
1.10052 -0.19226
1.09668 -0.195571
1.09284 -0.198877
1.08899 -0.202178
1.08514 -0.205473
1.08128 -0.208763
1.07742 -0.212047
1.07355 -0.215326
1.06968 -0.218599
1.0658 -0.221867
1.06192 -0.22513
1.05804 -0.228388
1.05414 -0.23164
1.05025 -0.234887
1.04635 -0.238128
1.04245 -0.241365
1.03854 -0.244596
1.03462 -0.247822
1.0307 -0.251043
1.02678 -0.254259
1.02286 -0.25747
1.01892 -0.260676
1.01499 -0.263877
1.01105 -0.267073
1.00711 -0.270264
1.00316 -0.273449
0.999205 -0.27663
0.995249 -0.279807
0.991288 -0.282978
0.987323 -0.286144
0.983355 -0.289306
0.979382 -0.292463
0.975405 -0.295615
0.971424 -0.298762
0.96744 -0.301905
0.963451 -0.305043
0.959459 -0.308176
0.955463 -0.311305
0.951462 -0.314429
0.947459 -0.317548
0.943451 -0.320663
0.93944 -0.323774
0.935425 -0.32688
0.931406 -0.329981
0.927384 -0.333078
0.923358 -0.336171
0.919329 -0.339259
0.915296 -0.342343
0.91126 -0.345423
0.90722 -0.348498
0.903177 -0.351569
0.899131 -0.354636
0.895081 -0.357698
0.891028 -0.360757
0.886971 -0.363811
0.882911 -0.366861
0.878849 -0.369907
0.874782 -0.372948
0.870713 -0.375986
0.866641 -0.37902
0.862565 -0.382049
0.858487 -0.385075
0.854405 -0.388097
0.85032 -0.391114
0.846233 -0.394128
0.842142 -0.397138
0.838049 -0.400144
0.833953 -0.403146
0.829854 -0.406145
0.825752 -0.409139
0.821647 -0.41213
0.81754 -0.415117
0.81343 -0.418101
0.809317 -0.421081
0.805201 -0.424057
0.801083 -0.427029
0.796963 -0.429998
0.79284 -0.432964
0.788714 -0.435925
0.784586 -0.438884
0.780455 -0.441838
0.776322 -0.44479
0.772187 -0.447738
0.768049 -0.450682
0.763909 -0.453623
0.759767 -0.456561
0.755622 -0.459495
0.751475 -0.462426
0.747326 -0.465354
0.743175 -0.468278
0.739022 -0.4712
0.734867 -0.474118
0.730709 -0.477033
0.72655 -0.479945
0.722388 -0.482853
0.718225 -0.485759
0.714059 -0.488661
0.709892 -0.491561
0.705723 -0.494457
0.701552 -0.49735
0.697379 -0.500241
0.693205 -0.503128
0.689028 -0.506013
0.68485 -0.508895
0.680671 -0.511774
0.67649 -0.51465
0.672307 -0.517524
0.668123 -0.520396
0.663937 -0.523265
0.65975 -0.526131
0.655561 -0.528995
0.651371 -0.531858
0.64718 -0.534718
0.642988 -0.537575
0.638794 -0.540431
0.6346 -0.543285
0.630404 -0.546138
0.626207 -0.548988
0.622009 -0.551837
0.617811 -0.554684
0.613611 -0.55753
0.60941 -0.560374
0.605209 -0.563217
0.601007 -0.566058
0.596804 -0.568898
0.5926 -0.571737
0.588396 -0.574575
0.584191 -0.577412
0.579986 -0.580248
0.57578 -0.583083
0.571573 -0.585918
0.567366 -0.588751
0.563159 -0.591584
0.558952 -0.594417
0.554744 -0.597248
0.550536 -0.60008
0.546327 -0.602911
0.542119 -0.605742
0.53791 -0.608572
0.533702 -0.611403
0.529493 -0.614233
0.525284 -0.617064
0.521076 -0.619894
0.516867 -0.622725
0.512659 -0.625556
0.508451 -0.628387
0.504243 -0.631219
0.500035 -0.634051
0.495828 -0.636884
0.491621 -0.639717
0.487415 -0.642551
0.483209 -0.645386
0.479004 -0.648222
0.474799 -0.651058
0.470594 -0.653896
0.466391 -0.656734
0.462188 -0.659574
0.457986 -0.662415
0.453784 -0.665257
0.449584 -0.6681
0.445384 -0.670945
0.441186 -0.673792
0.436988 -0.67664
0.432791 -0.679489
0.428595 -0.682341
0.424401 -0.685194
0.420207 -0.688049
0.416015 -0.690906
0.411824 -0.693765
0.407634 -0.696626
0.403446 -0.699489
0.399259 -0.702355
0.395073 -0.705223
0.39089 -0.708094
0.386708 -0.710967
0.382528 -0.713844
0.37835 -0.716724
0.374175 -0.719607
0.370002 -0.722494
0.365831 -0.725384
0.361664 -0.728279
0.357499 -0.731178
0.353337 -0.734081
0.349179 -0.736989
0.345024 -0.739902
0.340873 -0.74282
0.336725 -0.745743
0.332581 -0.748671
0.328442 -0.751605
0.324306 -0.754545
0.320175 -0.75749
0.316048 -0.760442
0.311926 -0.763401
0.307809 -0.766365
0.303696 -0.769337
0.299589 -0.772315
0.295487 -0.775301
0.29139 -0.778294
0.287299 -0.781295
0.283214 -0.784303
0.279134 -0.787319
0.275061 -0.790343
0.270994 -0.793376
0.266933 -0.796417
0.262878 -0.799467
0.258831 -0.802526
0.25479 -0.805594
0.250756 -0.808671
0.246729 -0.811758
0.242709 -0.814854
0.238697 -0.817961
0.234693 -0.821077
0.230696 -0.824204
0.226707 -0.827341
0.222726 -0.830489
0.218753 -0.833648
0.21479 -0.836818
0.210835 -0.84
0.206891 -0.843194
0.202956 -0.846401
0.199033 -0.849621
0.19512 -0.852855
0.19122 -0.856103
0.187331 -0.859365
0.183455 -0.862642
0.179592 -0.865934
0.175743 -0.869242
0.171908 -0.872566
0.168087 -0.875906
0.164281 -0.879263
0.160491 -0.882638
0.156717 -0.886031
0.152959 -0.889442
0.149218 -0.892871
0.145494 -0.89632
0.141788 -0.899788
0.138101 -0.903276
0.134432 -0.906784
0.130782 -0.910313
0.127153 -0.913864
0.123543 -0.917436
0.119954 -0.92103
0.116387 -0.924647
0.112843 -0.928287
0.109323 -0.93195
0.10583 -0.935639
0.102363 -0.939352
0.0989253 -0.943092
0.0955173 -0.946858
0.0921407 -0.95065
0.0887966 -0.954471
0.0854866 -0.958319
0.0822119 -0.962197
0.0789739 -0.966104
0.075774 -0.970041
0.0726136 -0.974009
0.0694939 -0.978009
0.0664164 -0.98204
0.0633823 -0.986104
0.0603927 -0.990202
0.0574486 -0.994332
0.054551 -0.998495
0.0517007 -1.00269
0.0488987 -1.00692
0.046146 -1.01119
0.0434436 -1.01549
0.0407923 -1.01982
0.0381933 -1.02419
0.0356473 -1.02859
0.0331566 -1.03303
0.0307296 -1.0375
0.0283765 -1.04201
0.0261077 -1.04656
0.0239333 -1.05115
0.0218636 -1.05577
0.019909 -1.06044
0.0180792 -1.06515
0.0163759 -1.0699
0.0147925 -1.07469
0.0133218 -1.07951
0.0119568 -1.08437
0.0106905 -1.08926
0.00951575 -1.09418
0.0084256 -1.09913
0.00741298 -1.1041
0.00647083 -1.1091
0.00559211 -1.11411
0.00476977 -1.11915
0.00399676 -1.1242
0.00326603 -1.12926
0.00257054 -1.13433
0.00190324 -1.13942
0.00125708 -1.14451
0.000625017 -1.1496
-4.54747e-13 -1.1547
1.83881e-16 -1.1547
-0.000625017 -1.1496
-0.00125708 -1.14451
-0.00190324 -1.13942
-0.00257054 -1.13433
-0.00326603 -1.12926
-0.00399676 -1.1242
-0.00476977 -1.11915
-0.00559211 -1.11411
-0.00647083 -1.1091
-0.00741298 -1.1041
-0.0084256 -1.09913
-0.00951575 -1.09418
-0.0106905 -1.08926
-0.0119568 -1.08437
-0.0133218 -1.07951
-0.0147925 -1.07469
-0.0163759 -1.0699
-0.0180792 -1.06515
-0.019909 -1.06044
-0.0218636 -1.05577
-0.0239333 -1.05115
-0.0261077 -1.04656
-0.0283765 -1.04201
-0.0307296 -1.0375
-0.0331566 -1.03303
-0.0356473 -1.02859
-0.0381933 -1.02419
-0.0407923 -1.01982
-0.0434436 -1.01549
-0.046146 -1.01119
-0.0488987 -1.00692
-0.0517007 -1.00269
-0.054551 -0.998495
-0.0574486 -0.994332
-0.0603927 -0.990202
-0.0633823 -0.986104
-0.0664164 -0.98204
-0.0694939 -0.978009
-0.0726135 -0.974009
-0.075774 -0.970041
-0.0789739 -0.966104
-0.0822119 -0.962197
-0.0854866 -0.958319
-0.0887966 -0.954471
-0.0921407 -0.95065
-0.0955173 -0.946858
-0.0989253 -0.943092
-0.102363 -0.939352
-0.10583 -0.935639
-0.109323 -0.93195
-0.112843 -0.928287
-0.116387 -0.924647
-0.119954 -0.92103
-0.123543 -0.917436
-0.127153 -0.913864
-0.130782 -0.910313
-0.134432 -0.906784
-0.138101 -0.903276
-0.141788 -0.899788
-0.145494 -0.89632
-0.149218 -0.892871
-0.152959 -0.889442
-0.156717 -0.886031
-0.160491 -0.882638
-0.164281 -0.879263
-0.168087 -0.875906
-0.171908 -0.872566
-0.175743 -0.869242
-0.179592 -0.865934
-0.183455 -0.862642
-0.187331 -0.859365
-0.19122 -0.856103
-0.19512 -0.852855
-0.199033 -0.849621
-0.202956 -0.846401
-0.206891 -0.843194
-0.210835 -0.84
-0.21479 -0.836818
-0.218753 -0.833648
-0.222726 -0.830489
-0.226707 -0.827341
-0.230696 -0.824204
-0.234693 -0.821077
-0.238697 -0.817961
-0.242709 -0.814854
-0.246729 -0.811758
-0.250756 -0.808671
-0.25479 -0.805594
-0.258831 -0.802526
-0.262878 -0.799467
-0.266933 -0.796417
-0.270994 -0.793376
-0.275061 -0.790343
-0.279134 -0.787319
-0.283214 -0.784303
-0.287299 -0.781295
-0.29139 -0.778294
-0.295487 -0.775301
-0.299589 -0.772315
-0.303696 -0.769337
-0.307809 -0.766365
-0.311926 -0.763401
-0.316048 -0.760442
-0.320175 -0.75749
-0.324306 -0.754545
-0.328442 -0.751605
-0.332581 -0.748671
-0.336725 -0.745743
-0.340873 -0.74282
-0.345024 -0.739902
-0.349179 -0.736989
-0.353337 -0.734081
-0.357499 -0.731178
-0.361664 -0.728279
-0.365831 -0.725384
-0.370002 -0.722494
-0.374175 -0.719607
-0.37835 -0.716724
-0.382528 -0.713844
-0.386708 -0.710967
-0.39089 -0.708094
-0.395073 -0.705223
-0.399259 -0.702355
-0.403446 -0.699489
-0.407634 -0.696626
-0.411824 -0.693765
-0.416015 -0.690906
-0.420207 -0.688049
-0.424401 -0.685194
-0.428595 -0.682341
-0.432791 -0.679489
-0.436988 -0.67664
-0.441186 -0.673792
-0.445384 -0.670945
-0.449584 -0.6681
-0.453784 -0.665257
-0.457986 -0.662415
-0.462188 -0.659574
-0.466391 -0.656734
-0.470594 -0.653896
-0.474799 -0.651058
-0.479004 -0.648222
-0.483209 -0.645386
-0.487415 -0.642551
-0.491621 -0.639717
-0.495828 -0.636884
-0.500035 -0.634051
-0.504243 -0.631219
-0.508451 -0.628387
-0.512659 -0.625556
-0.516867 -0.622725
-0.521076 -0.619894
-0.525284 -0.617064
-0.529493 -0.614233
-0.533702 -0.611403
-0.53791 -0.608572
-0.542119 -0.605742
-0.546327 -0.602911
-0.550536 -0.60008
-0.554744 -0.597248
-0.558951 -0.594417
-0.563159 -0.591584
-0.567366 -0.588751
-0.571573 -0.585918
-0.57578 -0.583083
-0.579986 -0.580248
-0.584191 -0.577412
-0.588396 -0.574575
-0.5926 -0.571737
-0.596804 -0.568898
-0.601007 -0.566058
-0.605209 -0.563217
-0.60941 -0.560374
-0.613611 -0.55753
-0.617811 -0.554684
-0.622009 -0.551837
-0.626207 -0.548988
-0.630404 -0.546138
-0.6346 -0.543285
-0.638794 -0.540431
-0.642988 -0.537575
-0.64718 -0.534718
-0.651371 -0.531858
-0.655561 -0.528995
-0.65975 -0.526131
-0.663937 -0.523265
-0.668123 -0.520396
-0.672307 -0.517524
-0.67649 -0.51465
-0.680671 -0.511774
-0.68485 -0.508895
-0.689028 -0.506013
-0.693205 -0.503128
-0.697379 -0.500241
-0.701552 -0.49735
-0.705723 -0.494457
-0.709892 -0.491561
-0.714059 -0.488661
-0.718225 -0.485759
-0.722388 -0.482853
-0.72655 -0.479945
-0.730709 -0.477033
-0.734867 -0.474118
-0.739022 -0.4712
-0.743175 -0.468278
-0.747326 -0.465354
-0.751475 -0.462426
-0.755622 -0.459495
-0.759767 -0.456561
-0.763909 -0.453623
-0.768049 -0.450682
-0.772187 -0.447738
-0.776322 -0.44479
-0.780455 -0.441838
-0.784586 -0.438884
-0.788714 -0.435925
-0.79284 -0.432964
-0.796963 -0.429998
-0.801083 -0.427029
-0.805201 -0.424057
-0.809317 -0.421081
-0.81343 -0.418101
-0.81754 -0.415117
-0.821647 -0.41213
-0.825752 -0.409139
-0.829854 -0.406145
-0.833953 -0.403146
-0.838049 -0.400144
-0.842142 -0.397138
-0.846233 -0.394128
-0.85032 -0.391114
-0.854405 -0.388097
-0.858487 -0.385075
-0.862565 -0.382049
-0.866641 -0.37902
-0.870713 -0.375986
-0.874782 -0.372948
-0.878849 -0.369907
-0.882911 -0.366861
-0.886971 -0.363811
-0.891028 -0.360757
-0.895081 -0.357698
-0.899131 -0.354636
-0.903177 -0.351569
-0.90722 -0.348498
-0.91126 -0.345423
-0.915296 -0.342343
-0.919329 -0.339259
-0.923358 -0.336171
-0.927384 -0.333078
-0.931406 -0.329981
-0.935425 -0.32688
-0.93944 -0.323774
-0.943451 -0.320663
-0.947459 -0.317548
-0.951462 -0.314429
-0.955463 -0.311305
-0.959459 -0.308176
-0.963451 -0.305043
-0.96744 -0.301905
-0.971424 -0.298762
-0.975405 -0.295615
-0.979382 -0.292463
-0.983355 -0.289306
-0.987323 -0.286144
-0.991288 -0.282978
-0.995249 -0.279807
-0.999205 -0.27663
-1.00316 -0.273449
-1.00711 -0.270264
-1.01105 -0.267073
-1.01499 -0.263877
-1.01892 -0.260676
-1.02286 -0.25747
-1.02678 -0.254259
-1.0307 -0.251043
-1.03462 -0.247822
-1.03854 -0.244596
-1.04245 -0.241365
-1.04635 -0.238128
-1.05025 -0.234887
-1.05414 -0.23164
-1.05804 -0.228388
-1.06192 -0.22513
-1.0658 -0.221867
-1.06968 -0.218599
-1.07355 -0.215326
-1.07742 -0.212047
-1.08128 -0.208763
-1.08514 -0.205473
-1.08899 -0.202178
-1.09284 -0.198877
-1.09668 -0.195571
-1.10052 -0.19226
-1.10435 -0.188942
-1.10818 -0.185619
-1.112 -0.182291
-1.11582 -0.178957
-1.11964 -0.175617
-1.12344 -0.172272
-1.12725 -0.16892
-1.13104 -0.165563
-1.13483 -0.1622
-1.13862 -0.158831
-1.1424 -0.155457
-1.14618 -0.152076
-1.14995 -0.148689
-1.15371 -0.145296
-1.15747 -0.141898
-1.16122 -0.138493
-1.16497 -0.135082
-1.16871 -0.131665
-1.17245 -0.128241
-1.17618 -0.124812
-1.1799 -0.121376
-1.18362 -0.117933
-1.18733 -0.114485
-1.19104 -0.11103
-1.19474 -0.107568
-1.19843 -0.1041
-1.20212 -0.100626
-1.2058 -0.0971448
-1.20948 -0.0936572
-1.21315 -0.090163
-1.21681 -0.0866622
-1.22046 -0.0831546
-1.22411 -0.0796403
-1.22776 -0.0761192
-1.23139 -0.0725913
-1.23502 -0.0690565
-1.23865 -0.0655149
-1.24227 -0.0619663
-1.24588 -0.0584108
-1.24948 -0.0548483
-1.25308 -0.0512788
-1.25666 -0.0477021
-1.26025 -0.0441184
-1.26382 -0.0405275
-1.26739 -0.0369294
-1.27095 -0.0333241
-1.27451 -0.0297116
-1.27806 -0.0260917
-1.2816 -0.0224646
-1.28513 -0.01883
-1.28866 -0.015188
-1.29217 -0.0115386
-1.29569 -0.00788172
-1.29919 -0.0042173
-1.30269 -0.000545323
-1.30617 0.00313425
-1.30966 0.00682146
-1.31313 0.0105163
-1.31659 0.0142189
-1.32005 0.0179293
-1.3235 0.0216474
-1.32695 0.0253733
-1.33038 0.0291071
-1.33381 0.0328488
-1.33723 0.0365984
-1.34064 0.040356
-1.34404 0.0441217
-1.34744 0.0478953
-1.35082 0.051677
-1.3542 0.0554669
-1.35757 0.0592649
-1.36093 0.0630711
-1.36429 0.0668855
-1.36763 0.0707083
-1.37097 0.0745393
-1.3743 0.0783786
-1.37762 0.0822264
-1.38093 0.0860825
-1.38423 0.0899471
-1.38753 0.0938203
-1.39081 0.0977019
-1.39409 0.101592
-1.39736 0.105491
-1.40062 0.109398
-1.40387 0.113315
-1.40711 0.117239
-1.41034 0.121173
-1.41357 0.125115
-1.41678 0.129067
-1.41999 0.133027
-1.42318 0.136996
-1.42637 0.140974
-1.42955 0.144961
-1.43271 0.148957
-1.43587 0.152962
-1.43902 0.156976
-1.44216 0.160999
-1.4453 0.165031
-1.44842 0.169073
-1.45153 0.173124
-1.45463 0.177184
-1.45772 0.181253
-1.46081 0.185332
-1.46388 0.18942
-1.46694 0.193518
-1.47 0.197625
-1.47304 0.201742
-1.47607 0.205868
-1.4791 0.210003
-1.48211 0.214149
-1.48511 0.218304
-1.48811 0.222468
-1.49109 0.226643
-1.49406 0.230827
-1.49703 0.235021
-1.49998 0.239225
-1.50292 0.243438
-1.50585 0.247662
-1.50877 0.251895
-1.51168 0.256139
-1.51458 0.260392
-1.51747 0.264656
-1.52035 0.26893
-1.52322 0.273214
-1.52608 0.277508
-1.52892 0.281812
-1.53176 0.286126
-1.53459 0.290451
-1.5374 0.294786
-1.5402 0.299132
-1.543 0.303488
-1.54578 0.307854
-1.54854 0.31223
-1.5513 0.316616
-1.55405 0.321013
-1.55678 0.325419
-1.5595 0.329836
-1.56221 0.334262
-1.5649 0.338698
-1.56758 0.343144
-1.57025 0.347599
-1.57291 0.352064
-1.57555 0.356539
-1.57818 0.361023
-1.58079 0.365516
-1.58339 0.370019
-1.58597 0.374531
-1.58854 0.379053
-1.59109 0.383583
-1.59363 0.388123
-1.59615 0.392672
-1.59866 0.397229
-1.60115 0.401796
-1.60363 0.406371
-1.60608 0.410955
-1.60853 0.415548
-1.61095 0.42015
-1.61336 0.42476
-1.61575 0.429378
-1.61812 0.434005
-1.62048 0.438641
-1.62281 0.443284
-1.62513 0.447936
-1.62743 0.452597
-1.62971 0.457265
-1.63198 0.461941
-1.63422 0.466626
-1.63644 0.471318
-1.63865 0.476018
-1.64083 0.480726
-1.643 0.485442
-1.64514 0.490165
-1.64727 0.494896
-1.64937 0.499635
-1.65145 0.504381
-1.65352 0.509134
-1.65556 0.513895
-1.65757 0.518663
-1.65957 0.523438
-1.66155 0.528221
-1.6635 0.53301
-1.66543 0.537807
-1.66734 0.54261
-1.66922 0.547421
-1.67109 0.552238
-1.67293 0.557062
-1.67474 0.561893
-1.67653 0.56673
-1.6783 0.571574
-1.68004 0.576425
-1.68176 0.581281
-1.68346 0.586145
-1.68513 0.591014
-1.68677 0.59589
-1.68839 0.600772
-1.68998 0.60566
-1.69155 0.610555
-1.69309 0.615455
-1.69461 0.620361
-1.6961 0.625273
-1.69756 0.630191
-1.699 0.635115
-1.70041 0.640044
-1.70179 0.644979
-1.70314 0.649919
-1.70447 0.654865
-1.70577 0.659816
-1.70704 0.664773
-1.70828 0.669735
-1.7095 0.674702
-1.71068 0.679674
-1.71184 0.684652
-1.71296 0.689634
-1.71406 0.694621
-1.71513 0.699614
-1.71616 0.704611
-1.71717 0.709613
-1.71815 0.714619
-1.7191 0.71963
-1.72001 0.724646
-1.7209 0.729667
-1.72175 0.734691
-1.72257 0.73972
-1.72336 0.744754
-1.72412 0.749792
-1.72485 0.754833
-1.72554 0.759879
-1.7262 0.764929
-1.72683 0.769984
-1.72742 0.775042
-1.72799 0.780103
-1.72852 0.785169
-1.72901 0.790238
-1.72947 0.795311
-1.7299 0.800388
-1.73029 0.805468
-1.73065 0.810552
-1.73097 0.815639
-1.73126 0.82073
-1.73152 0.825823
-1.73173 0.83092
-1.73192 0.83602
-1.73206 0.841123
-1.73217 0.84623
-1.73225 0.851339
-1.73228 0.856451
-1.73228 0.861566
-1.73225 0.866683
-1.73217 0.871804
-1.73206 0.876927
-1.73191 0.882052
-1.73173 0.88718
-1.7315 0.89231
-1.73124 0.897441
-1.73094 0.902574
-1.73061 0.907708
-1.73024 0.912842
-1.72983 0.917977
-1.72938 0.923112
-1.7289 0.928247
-1.72838 0.933381
-1.72782 0.938514
-1.72723 0.943646
-1.7266 0.948776
-1.72593 0.953905
-1.72523 0.959031
-1.72449 0.964155
-1.72371 0.969276
-1.7229 0.974394
-1.72205 0.979508
-1.72117 0.984619
-1.72025 0.989726
-1.7193 0.994828
-1.71831 0.999926
-1.71728 1.00502
-1.71622 1.01011
-1.71512 1.01519
-1.71399 1.02026
-1.71283 1.02533
-1.71162 1.0304
-1.71039 1.03545
-1.70912 1.0405
-1.70781 1.04554
-1.70647 1.05057
-1.70509 1.0556
-1.70368 1.06061
-1.70224 1.06562
-1.70076 1.07062
-1.69924 1.07561
-1.6977 1.08059
-1.69612 1.08556
-1.6945 1.09052
-1.69285 1.09546
-1.69117 1.1004
-1.68945 1.10533
-1.6877 1.11024
-1.68592 1.11514
-1.6841 1.12003
-1.68225 1.12491
-1.68037 1.12977
-1.67845 1.13462
-1.6765 1.13946
-1.67451 1.14428
-1.6725 1.14909
-1.67045 1.15389
-1.66837 1.15867
-1.66625 1.16343
-1.66411 1.16818
-1.66193 1.17291
-1.65972 1.17763
-1.65747 1.18233
-1.6552 1.18701
-1.65289 1.19168
-1.65055 1.19633
-1.64818 1.20096
-1.64577 1.20557
-1.64334 1.21017
-1.64087 1.21474
-1.63837 1.2193
-1.63584 1.22384
-1.63328 1.22836
-1.63069 1.23286
-1.62806 1.23734
-1.62541 1.24179
-1.62272 1.24623
-1.62001 1.25065
-1.61726 1.25504
-1.61448 1.25941
-1.61167 1.26376
-1.60883 1.26809
-1.60596 1.27239
-1.60306 1.27668
-1.60013 1.28093
-1.59717 1.28517
-1.59418 1.28938
-1.59116 1.29356
-1.58811 1.29773
-1.58503 1.30186
-1.58192 1.30597
-1.57878 1.31006
-1.57561 1.31412
-1.57241 1.31815
-1.56918 1.32216
-1.56592 1.32614
-1.56264 1.33009
-1.55932 1.33401
-1.55597 1.33791
-1.5526 1.34178
-1.5492 1.34562
-1.54577 1.34943
-1.54231 1.35321
-1.53882 1.35697
-1.5353 1.36069
-1.53175 1.36438
-1.52818 1.36804
-1.52458 1.37168
-1.52095 1.37528
-1.5173 1.37886
-1.51361 1.3824
-1.5099 1.38592
-1.50617 1.38941
-1.50241 1.39286
-1.49862 1.39629
-1.49481 1.39969
-1.49097 1.40306
-1.4871 1.4064
-1.48321 1.40971
-1.4793 1.413
-1.47536 1.41625
-1.4714 1.41948
-1.46742 1.42267
-1.46341 1.42584
-1.45938 1.42898
-1.45533 1.4321
-1.45125 1.43518
-1.44715 1.43824
-1.44303 1.44126
-1.43888 1.44426
-1.43472 1.44723
-1.43053 1.45018
-1.42633 1.45309
-1.4221 1.45598
-1.41785 1.45884
-1.41358 1.46167
-1.40929 1.46448
-1.40498 1.46726
-1.40066 1.47001
-1.39631 1.47273
-1.39194 1.47542
-1.38756 1.47809
-1.38316 1.48073
-1.37874 1.48334
-1.3743 1.48593
-1.36984 1.48849
-1.36537 1.49102
-1.36088 1.49353
-1.35637 1.49601
-1.35185 1.49846
-1.34731 1.50089
-1.34275 1.50329
-1.33818 1.50566
-1.33359 1.50801
-1.32899 1.51033
-1.32437 1.51262
-1.31974 1.51489
-1.31509 1.51713
-1.31043 1.51935
-1.30576 1.52154
-1.30107 1.5237
-1.29637 1.52584
-1.29166 1.52795
-1.28693 1.53004
-1.28219 1.5321
-1.27744 1.53413
-1.27268 1.53614
-1.2679 1.53813
-1.26311 1.54009
-1.25832 1.54202
-1.25351 1.54393
-1.24869 1.54582
-1.24386 1.54767
-1.23902 1.54951
-1.23417 1.55132
-1.22931 1.5531
-1.22444 1.55486
-1.21957 1.5566
-1.21468 1.55831
-1.20979 1.55999
-1.20488 1.56165
-1.19997 1.56329
-1.19505 1.5649
-1.19013 1.56649
-1.1852 1.56806
-1.18026 1.5696
-1.17531 1.57111
-1.17036 1.5726
-1.1654 1.57407
-1.16043 1.57552
-1.15546 1.57694
-1.15049 1.57833
-1.14551 1.57971
-1.14052 1.58106
-1.13553 1.58238
-1.13054 1.58369
-1.12554 1.58497
-1.12054 1.58622
-1.11554 1.58746
-1.11053 1.58867
-1.10552 1.58985
-1.1005 1.59102
-1.09549 1.59216
-1.09047 1.59328
-1.08545 1.59437
-1.08042 1.59544
-1.07539 1.59649
-1.07036 1.59752
-1.06533 1.59853
-1.0603 1.59951
-1.05526 1.60047
-1.05022 1.6014
-1.04518 1.60232
-1.04014 1.60321
-1.03509 1.60408
-1.03005 1.60492
-1.025 1.60575
-1.01995 1.60655
-1.01489 1.60733
-1.00984 1.60809
-1.00478 1.60882
-0.999724 1.60954
-0.994664 1.61023
-0.989603 1.6109
-0.98454 1.61155
-0.979476 1.61217
-0.97441 1.61277
-0.969343 1.61336
-0.964275 1.61391
-0.959206 1.61445
-0.954135 1.61497
-0.949063 1.61546
-0.94399 1.61594
-0.938916 1.61639
-0.933842 1.61682
-0.928766 1.61722
-0.923689 1.61761
-0.918612 1.61798
-0.913534 1.61832
-0.908455 1.61864
-0.903376 1.61894
-0.898296 1.61922
-0.893216 1.61948
-0.888135 1.61972
-0.883054 1.61994
-0.877973 1.62013
-0.872891 1.62031
-0.867809 1.62046
-0.862727 1.62059
-0.857645 1.6207
-0.852563 1.62079
-0.847481 1.62086
-0.842399 1.62091
-0.837317 1.62094
-0.832236 1.62095
-0.827154 1.62093
-0.822073 1.6209
-0.816992 1.62084
-0.811912 1.62077
-0.806832 1.62067
-0.801753 1.62056
-0.796674 1.62042
-0.791596 1.62026
-0.786519 1.62009
-0.781442 1.61989
-0.776366 1.61967
-0.771292 1.61944
-0.766218 1.61918
-0.761145 1.6189
-0.756073 1.6186
-0.751002 1.61828
-0.745932 1.61795
-0.740864 1.61759
-0.735797 1.61721
-0.730731 1.61681
-0.725667 1.61639
-0.720604 1.61596
-0.715542 1.6155
-0.710482 1.61502
-0.705424 1.61453
-0.700367 1.61401
-0.695312 1.61348
-0.690259 1.61292
-0.685208 1.61235
-0.680159 1.61175
-0.675112 1.61114
-0.670067 1.61051
-0.665024 1.60985
-0.659984 1.60918
-0.654946 1.60849
-0.649911 1.60778
-0.644879 1.60704
-0.639849 1.60629
-0.634822 1.60552
-0.629798 1.60473
-0.624778 1.60392
-0.61976 1.60309
-0.614746 1.60224
-0.609735 1.60137
-0.604727 1.60048
-0.599723 1.59957
-0.594723 1.59864
-0.589727 1.59768
-0.584734 1.59671
-0.579745 1.59572
-0.574761 1.59471
-0.56978 1.59368
-0.564804 1.59263
-0.559832 1.59156
-0.554864 1.59047
-0.549901 1.58935
-0.544943 1.58822
-0.53999 1.58707
-0.535041 1.5859
-0.530097 1.5847
-0.525158 1.58349
-0.520225 1.58226
-0.515296 1.581
-0.510373 1.57973
-0.505455 1.57843
-0.500543 1.57711
-0.495637 1.57578
-0.490736 1.57442
-0.485841 1.57304
-0.480952 1.57164
-0.476068 1.57023
-0.471191 1.56879
-0.466321 1.56733
-0.461456 1.56585
-0.456598 1.56434
-0.451746 1.56282
-0.446901 1.56128
-0.442063 1.55971
-0.437231 1.55813
-0.432407 1.55652
-0.427589 1.5549
-0.422779 1.55325
-0.417975 1.55158
-0.413179 1.54989
-0.40839 1.54818
-0.403609 1.54645
-0.398835 1.5447
-0.394069 1.54292
-0.389311 1.54113
-0.384562 1.53931
-0.37982 1.53747
-0.375088 1.53561
-0.370364 1.53373
-0.365649 1.53182
-0.360943 1.5299
-0.356247 1.52795
-0.35156 1.52598
-0.346883 1.52399
-0.342217 1.52197
-0.33756 1.51993
-0.332914 1.51787
-0.328279 1.51579
-0.323654 1.51368
-0.319041 1.51155
-0.314438 1.50939
-0.309848 1.50722
-0.305269 1.50502
-0.300702 1.50279
-0.296146 1.50054
-0.291604 1.49827
-0.287073 1.49597
-0.282556 1.49365
-0.278051 1.4913
-0.27356 1.48893
-0.269081 1.48654
-0.264617 1.48411
-0.260166 1.48167
-0.255729 1.4792
-0.251306 1.4767
-0.246897 1.47418
-0.242503 1.47164
-0.238124 1.46906
-0.23376 1.46647
-0.229411 1.46384
-0.225077 1.46119
-0.220759 1.45852
-0.216457 1.45581
-0.212171 1.45308
-0.207903 1.45033
-0.203652 1.44754
-0.19942 1.44473
-0.195206 1.44189
-0.191011 1.43903
-0.186836 1.43613
-0.182682 1.43321
-0.178548 1.43026
-0.174435 1.42727
-0.170345 1.42426
-0.166276 1.42122
-0.162231 1.41815
-0.158209 1.41505
-0.15421 1.41192
-0.150237 1.40875
-0.146288 1.40556
-0.142365 1.40234
-0.138467 1.39908
-0.134596 1.39579
-0.130753 1.39247
-0.126937 1.38911
-0.123148 1.38573
-0.119389 1.38231
-0.115659 1.37886
-0.111961 1.37537
-0.108295 1.37185
-0.104663 1.36829
-0.101066 1.3647
-0.097505 1.36108
-0.0939821 1.35742
-0.0904983 1.35372
-0.0870549 1.34999
-0.0836532 1.34622
-0.0802947 1.34241
-0.0769805 1.33857
-0.073712 1.33468
-0.0704906 1.33076
-0.0673176 1.3268
-0.0641943 1.32281
-0.0611216 1.31877
-0.0581004 1.3147
-0.0551314 1.31058
-0.0522153 1.30643
-0.049353 1.30224
-0.0465451 1.29801
-0.0437925 1.29374
-0.0410959 1.28944
-0.038456 1.28509
-0.0358737 1.28071
-0.0333506 1.27629
-0.0308943 1.27183
-0.0285148 1.26734
-0.0262223 1.2628
-0.0240266 1.25822
-0.0219379 1.2536
-0.0199662 1.24894
-0.0181211 1.24424
-0.0164045 1.2395
-0.0148095 1.23471
-0.0133291 1.22989
-0.0119561 1.22503
-0.0106833 1.22015
-0.00950361 1.21523
-0.00840978 1.21028
-0.0073947 1.20531
-0.00645121 1.20032
-0.00557214 1.1953
-0.00475035 1.19027
-0.00397866 1.18521
-0.00324993 1.18015
-0.00255699 1.17507
-0.00189269 1.16999
-0.00124986 1.1649
-0.000621352 1.1598
